0.01	0.47	0.93	0.21	0.57	0.66	-85.55	-68.63	-34.29
0.07	0.56	1.16	0.20	0.57	0.66	-96.21	-50.61	-39.97
0.18	0.66	1.24	0.23	0.60	0.79	-105.55	-34.97	-40.37
0.05	0.56	1.49	0.31	0.58	0.88	-106.96	-26.47	-40.77
0.14	0.56	1.61	0.25	0.59	1.05	-123.14	-25.30	-32.17
0.17	0.54	1.55	0.28	0.59	1.15	-146.76	-33.36	-27.04
0.17	0.54	1.44	0.46	0.72	1.26	-122.29	-33.60	-14.34
0.18	0.40	1.31	0.28	0.86	1.22	-91.59	-26.69	-5.00
0.27	0.54	1.22	0.27	0.95	1.19	-67.34	-13.44	-0.81
0.26	0.57	1.06	0.39	1.05	1.12	-41.18	-7.86	13.11
0.05	0.61	1.07	0.56	1.04	1.10	-16.64	11.78	33.84
0.02	0.54	1.10	0.36	1.15	0.95	-15.05	32.96	55.71
-0.04	0.47	1.20	0.23	1.18	0.86	-38.25	36.71	71.71
0.04	0.42	1.18	0.13	1.05	0.68	-73.75	52.67	85.63
0.00	0.43	1.11	0.27	1.05	0.50	-103.95	48.13	104.27
-0.02	0.44	0.98	0.48	1.02	0.30	-56.51	74.30	98.41
-0.11	0.45	0.91	0.55	1.02	0.29	-0.07	92.15	77.30
-0.11	0.43	0.86	0.60	0.96	0.18	-7.19	111.22	64.62
-0.06	0.38	0.83	0.60	0.93	0.11	59.47	99.75	58.40
-0.02	0.39	0.80	0.53	0.83	0.08	67.62	143.42	31.45
0.02	0.38	0.81	0.49	0.76	0.05	56.61	116.50	23.13
0.08	0.25	0.81	0.24	0.73	0.09	26.64	130.59	-7.71
0.13	0.17	0.89	0.29	0.60	0.04	41.37	153.22	-23.54
0.14	0.11	0.90	0.25	0.55	0.07	35.16	158.99	-35.38
0.17	0.05	0.93	0.24	0.52	0.09	22.72	165.02	-54.82
0.22	-0.03	0.97	0.30	0.32	0.05	37.99	159.43	-57.08
0.21	-0.09	1.02	0.29	0.13	0.11	65.86	152.45	-56.26
0.17	-0.01	1.01	0.22	0.04	0.20	42.87	134.47	-61.61
0.13	0.08	1.05	0.26	-0.09	0.35	19.74	132.27	-75.65
0.09	0.09	1.06	0.49	-0.29	0.55	4.99	83.02	-65.28
0.22	0.21	1.17	0.74	-0.36	0.61	13.13	48.90	-51.03
0.43	0.22	1.34	0.89	-0.34	0.65	36.99	19.84	-38.84
1.09	0.65	1.04	-0.00	0.63	0.80	71.64	-29.44	78.68
1.04	0.62	0.90	0.01	0.59	0.84	61.56	-20.87	76.66
0.93	0.69	0.72	0.18	0.58	0.92	46.35	-16.81	77.49
0.98	0.69	0.57	0.26	0.57	0.95	42.60	-14.47	75.53
0.89	0.69	0.53	0.22	0.53	0.97	38.35	-19.55	72.11
0.65	0.66	0.55	0.19	0.51	0.98	37.54	-22.35	73.30
0.49	0.42	0.64	0.12	0.52	1.00	20.76	-15.65	60.72
0.39	0.50	0.65	0.07	0.54	0.99	-2.48	-32.43	63.58
0.24	0.26	0.71	0.06	0.60	0.98	-26.31	-40.63	57.10
0.11	0.27	0.72	0.09	0.62	0.93	-34.99	-33.79	51.61
0.01	0.30	0.68	0.05	0.55	0.84	-66.72	-36.15	47.30
-0.05	0.37	0.61	0.16	0.52	0.80	-94.24	-39.32	46.32
-0.01	0.44	0.50	0.26	0.60	0.78	-135.26	-32.94	39.28
-0.01	0.42	0.47	0.48	0.45	0.75	-153.52	-40.97	34.48
0.01	0.34	0.45	0.77	0.51	0.72	-127.02	-37.93	28.57
-0.00	0.30	0.47	0.80	0.54	0.66	-105.98	-30.50	23.13
0.06	0.23	0.50	0.85	0.59	0.69	-96.54	-52.48	20.75
0.19	0.22	0.56	0.73	0.58	0.70	-77.85	-49.46	7.71
0.22	0.15	0.58	0.67	0.52	0.74	-70.15	-62.09	-5.94
0.21	0.13	0.58	0.73	0.54	0.71	-62.44	-51.88	-20.69
0.13	0.07	0.63	0.78	0.50	0.72	-46.97	-25.89	-49.94
0.10	0.01	0.65	0.86	0.41	0.81	-4.33	-46.00	-52.27
0.21	0.02	0.62	0.83	0.23	0.93	24.03	-33.56	-54.86
0.25	-0.01	0.59	0.75	0.13	1.01	17.30	-40.96	-56.92
0.35	-0.06	0.59	0.81	0.14	1.07	48.46	-19.03	-44.70
0.32	-0.09	0.67	0.78	0.10	1.01	64.21	-28.78	-28.37
0.29	-0.16	0.77	0.77	0.22	0.91	62.21	-43.50	-17.31
0.20	-0.07	0.82	0.67	0.30	0.84	26.76	-76.75	-7.84
0.13	-0.02	0.84	0.50	0.36	0.77	2.85	-80.95	0.12
0.00	0.09	0.85	0.28	0.46	0.67	-15.18	-83.81	7.39
-0.12	0.20	0.83	0.18	0.50	0.65	-21.97	-77.97	16.95
-0.19	0.31	0.75	0.05	0.57	0.64	-43.35	-72.05	18.75
0.11	0.48	1.28	0.32	0.89	0.93	-28.77	2.41	11.29
0.03	0.45	1.28	0.28	0.85	0.87	-39.16	5.88	18.68
0.04	0.40	1.14	0.29	0.89	0.83	-56.89	6.07	29.42
0.01	0.36	1.09	0.31	0.97	0.78	-35.87	13.95	41.85
0.00	0.36	1.05	0.32	0.99	0.75	-16.17	40.54	40.15
0.05	0.42	1.00	0.34	1.00	0.64	-8.22	48.79	40.15
0.05	0.39	1.02	0.24	1.01	0.53	-10.19	44.88	49.64
0.04	0.38	0.96	0.25	1.00	0.47	-36.20	48.60	49.42
0.05	0.35	0.95	0.30	0.91	0.43	-49.88	59.52	48.24
0.02	0.36	0.99	0.42	0.79	0.43	-23.67	82.60	52.51
0.03	0.28	0.97	0.56	0.72	0.36	-6.73	85.89	48.01
0.05	0.23	0.92	0.55	0.68	0.24	6.04	93.08	48.07
0.05	0.21	0.90	0.55	0.66	0.18	31.02	118.88	43.36
0.06	0.19	0.88	0.50	0.61	0.13	42.24	130.84	36.12
0.08	0.18	0.90	0.49	0.59	0.08	48.32	146.66	25.71
0.11	0.16	0.94	0.39	0.52	0.07	56.77	147.69	19.46
0.18	0.10	0.99	0.45	0.47	0.07	50.83	171.49	-2.66
0.24	0.12	1.06	0.42	0.39	0.09	49.23	152.57	-15.82
0.24	0.11	1.11	0.50	0.37	0.18	58.13	154.64	-35.21
0.26	0.03	1.25	0.55	0.30	0.23	66.32	147.18	-47.07
0.26	-0.04	1.38	0.48	0.16	0.39	65.42	130.37	-52.92
0.25	-0.07	1.40	0.47	0.02	0.53	48.65	107.48	-59.11
0.15	-0.07	1.43	0.59	-0.08	0.66	45.79	87.63	-58.73
0.08	-0.08	1.53	0.64	-0.12	0.72	53.36	71.27	-51.78
0.07	-0.03	1.65	0.58	-0.20	0.79	51.97	52.06	-39.57
0.20	0.07	1.75	0.50	-0.22	0.82	47.23	29.98	-28.48
0.18	0.15	1.82	0.49	-0.21	0.79	45.59	4.12	-17.32
0.28	0.34	1.87	0.54	-0.08	0.75	53.28	-14.95	-5.65
0.41	0.43	1.85	0.51	0.05	0.72	62.75	-29.56	3.85
0.63	0.64	1.62	0.42	0.24	0.70	62.04	-35.74	17.32
0.60	0.81	1.35	0.38	0.43	0.71	48.72	-40.51	30.86
0.65	0.77	1.15	0.50	0.54	0.78	48.28	-54.72	40.92
-0.06	0.36	0.39	0.38	0.60	0.63	-47.84	-29.01	35.52
-0.06	0.36	0.39	0.55	0.67	0.66	-47.21	-28.15	32.33
-0.01	0.26	0.34	0.58	0.64	0.70	-22.14	-15.50	28.55
0.02	0.24	0.36	0.57	0.54	0.87	-10.72	-1.95	23.72
0.03	0.25	0.47	0.51	0.48	0.97	11.44	-17.65	19.57
0.09	0.19	0.56	0.41	0.42	0.92	6.27	-6.35	8.26
0.10	0.25	0.61	0.36	0.40	0.86	-12.91	-9.38	-5.60
0.04	0.26	0.57	0.66	0.34	0.85	25.67	-16.21	-22.66
0.00	0.27	0.52	0.88	0.20	0.99	77.00	-13.19	-28.85
0.03	0.24	0.52	0.77	0.11	0.99	78.37	-27.51	-24.84
0.14	0.16	0.57	0.67	0.02	0.99	42.44	-43.93	-32.04
0.09	0.08	0.69	0.74	0.00	0.97	31.62	-53.76	-32.03
0.09	0.05	0.74	0.84	-0.02	0.88	23.78	-71.40	-22.87
0.11	-0.05	0.81	0.84	0.03	0.84	15.46	-70.55	-24.44
0.16	-0.08	0.85	0.79	0.22	0.83	-4.62	-92.26	-20.89
0.17	-0.10	0.85	0.72	0.40	0.88	-27.06	-108.60	-24.35
-0.01	0.09	0.79	0.50	0.44	0.87	-49.27	-121.92	-30.24
-0.17	0.18	0.79	0.43	0.50	0.84	-63.34	-125.94	-35.32
-0.22	0.23	0.79	0.24	0.67	0.84	-64.26	-120.20	-48.58
-0.30	0.42	0.84	0.15	0.73	0.91	-61.01	-105.59	-61.08
-0.24	0.54	0.85	0.14	0.69	0.94	-49.53	-85.47	-63.50
-0.20	0.60	0.86	0.16	0.61	0.92	-27.46	-64.90	-54.48
-0.29	0.54	0.85	0.20	0.53	0.93	-12.74	-51.38	-46.49
-0.09	0.51	1.01	0.17	0.62	0.79	-14.97	-47.00	-36.89
0.02	0.48	1.12	0.11	0.70	0.69	-13.33	-36.77	-30.27
0.29	0.49	1.17	0.08	0.74	0.62	-21.37	-23.32	-24.54
0.57	0.23	1.18	0.10	0.68	0.55	-33.49	-7.57	-21.98
0.08	0.41	1.46	0.25	0.60	0.54	-35.97	-0.38	-15.56
-0.03	0.30	1.45	0.22	0.57	0.76	-84.60	-8.40	-8.56
-0.07	0.33	1.36	0.28	0.55	0.92	-115.20	-17.51	3.33
-0.08	0.19	1.17	0.33	0.60	0.97	-117.78	-34.88	13.24
0.09	0.41	0.99	0.43	0.92	1.07	-81.35	-33.54	14.04
0.07	0.34	0.86	0.23	0.80	0.46	-14.50	72.84	32.29
0.07	0.34	0.86	0.27	0.82	0.39	1.29	92.52	24.92
0.17	0.51	0.87	0.24	0.86	0.28	8.19	104.88	21.57
0.33	0.54	0.95	0.21	0.85	0.17	-2.89	124.07	5.80
0.43	0.41	1.08	0.26	0.82	0.08	-14.40	141.76	-1.66
0.41	0.33	1.15	0.31	0.74	0.06	-16.30	172.48	-13.17
0.38	0.13	1.20	0.41	0.67	0.16	-9.38	173.85	-11.34
0.25	0.01	1.17	0.54	0.52	0.27	-4.42	174.43	-5.37
0.19	-0.03	1.14	0.61	0.44	0.39	1.87	178.61	-0.92
0.06	-0.02	1.08	0.61	0.39	0.45	-4.35	169.65	-0.47
0.10	0.00	1.08	0.68	0.26	0.47	-6.02	163.78	6.49
0.13	-0.03	1.09	0.67	0.16	0.47	-11.79	155.41	13.86
0.16	-0.13	1.10	0.76	0.07	0.45	-9.96	150.13	21.92
0.15	-0.20	1.11	0.83	0.05	0.45	3.77	140.52	30.35
0.14	-0.23	1.10	0.91	-0.01	0.42	19.44	134.70	34.29
0.09	-0.18	1.06	0.86	-0.06	0.39	33.23	116.08	36.80
0.11	-0.06	1.09	0.76	-0.09	0.40	49.56	94.89	39.31
0.14	-0.03	1.13	0.70	-0.11	0.39	52.96	70.28	39.39
0.20	0.03	1.18	0.67	-0.14	0.43	52.09	45.00	39.48
0.28	0.09	1.22	0.71	-0.16	0.44	54.22	21.30	37.05
0.31	0.14	1.23	0.76	-0.16	0.46	58.05	-2.59	32.22
0.40	0.29	1.27	0.93	-0.16	0.53	78.88	-22.38	26.30
0.53	0.23	1.42	0.94	-0.18	0.59	100.82	-36.84	18.96
0.57	0.05	1.48	0.81	-0.20	0.63	113.28	-51.03	13.96
0.52	-0.01	1.49	0.66	-0.20	0.66	121.93	-60.35	14.11
0.39	-0.03	1.51	0.60	-0.13	0.69	136.95	-63.62	17.03
0.27	0.16	1.52	0.41	0.02	0.74	134.99	-69.05	20.31
0.30	0.26	1.58	0.29	0.23	0.77	129.53	-77.10	20.40
0.50	0.30	1.62	0.23	0.32	0.79	114.39	-86.76	20.60
0.50	0.37	1.55	0.10	0.44	0.83	91.24	-86.37	22.29
0.47	0.53	1.37	0.08	0.50	0.85	71.31	-80.38	25.51
0.53	0.70	1.08	0.16	0.55	0.85	59.82	-68.80	28.08
0.20	0.31	0.48	0.43	0.49	0.92	-13.53	27.59	-13.41
0.13	0.32	0.45	0.37	0.33	0.97	4.04	25.24	-3.86
0.16	0.28	0.43	0.41	0.28	0.97	12.28	17.24	0.48
0.24	0.23	0.41	0.44	0.21	0.96	26.44	0.72	-2.82
0.28	0.24	0.40	0.45	0.22	0.91	10.69	-0.95	-2.58
0.37	0.09	0.41	0.50	0.13	0.91	32.94	-2.13	4.25
0.42	-0.03	0.48	0.70	0.11	0.89	63.77	-5.62	20.49
0.43	-0.10	0.52	0.62	0.05	0.82	69.60	3.03	23.93
0.36	-0.20	0.56	0.52	0.09	0.81	62.65	-12.01	28.79
0.28	-0.27	0.60	0.56	0.12	0.83	41.66	-13.21	22.92
0.25	-0.30	0.63	0.57	0.14	0.89	28.83	-49.82	26.25
0.16	-0.33	0.74	0.56	0.21	0.91	29.34	-52.96	16.27
0.04	-0.29	0.81	0.49	0.32	0.94	29.16	-65.84	4.39
-0.01	-0.25	0.83	0.47	0.37	0.98	26.54	-78.18	-13.26
-0.14	-0.16	0.80	0.46	0.32	1.03	17.43	-92.66	-26.31
-0.16	-0.07	0.66	0.41	0.29	1.05	28.07	-95.47	-27.03
-0.21	0.04	0.58	0.31	0.28	0.96	25.19	-98.70	-21.85
-0.24	0.30	0.47	0.23	0.30	0.88	10.03	-103.12	-18.86
-0.28	0.58	0.52	0.13	0.41	0.74	-7.93	-103.05	-17.67
-0.24	0.70	0.54	0.06	0.52	0.74	-27.02	-101.15	-18.96
-0.01	0.58	0.59	0.04	0.53	0.77	-40.76	-91.34	-18.48
0.28	0.65	0.77	0.01	0.47	0.81	-50.77	-80.45	-11.60
0.38	0.74	0.83	-0.02	0.42	0.78	-59.59	-63.67	0.33
0.61	0.64	1.03	-0.08	0.48	0.75	-73.95	-46.34	7.69
0.57	0.70	1.29	-0.14	0.56	0.72	-96.12	-27.41	7.23
0.27	0.45	1.75	-0.12	0.49	0.68	-114.37	-2.51	-1.09
-0.05	0.20	2.00	0.00	0.58	1.01	-150.30	-0.21	-7.34
-0.05	0.33	1.89	0.15	0.81	1.25	-164.65	6.52	-5.96
0.16	0.67	1.49	0.30	1.03	1.24	-149.76	19.04	-13.09
0.09	0.78	1.35	0.38	1.04	1.22	-107.39	43.44	-11.29
0.01	0.65	1.32	0.34	0.92	1.15	-92.81	61.53	4.11
0.01	0.45	1.31	0.36	0.91	0.93	-107.03	74.39	22.45
-0.09	0.37	0.70	0.77	0.52	0.45	7.13	12.89	33.29
0.00	0.35	0.69	0.81	0.53	0.44	34.05	6.62	27.47
0.05	0.34	0.71	0.78	0.56	0.41	18.53	34.69	2.08
0.07	0.27	0.72	0.75	0.54	0.42	15.59	-3.18	-2.61
0.11	0.26	0.77	0.65	0.50	0.39	20.34	26.01	-16.04
0.09	0.22	0.78	0.63	0.49	0.35	20.08	17.04	-12.67
0.10	0.20	0.78	0.59	0.56	0.29	30.11	44.42	-39.76
0.13	0.28	0.77	0.52	0.43	0.21	32.97	51.71	-45.65
0.16	0.38	0.86	0.44	0.38	0.11	47.88	61.89	-57.84
0.20	0.40	0.94	0.45	0.37	0.10	56.16	75.59	-66.81
0.39	0.36	1.06	0.42	0.20	0.11	65.40	90.52	-62.05
0.47	0.25	1.11	0.30	0.16	0.19	68.55	86.33	-59.98
0.48	0.24	1.13	0.39	0.09	0.30	79.85	89.41	-60.57
0.43	0.21	1.17	0.53	0.07	0.38	89.11	85.41	-58.50
0.41	0.14	1.18	0.63	-0.01	0.53	97.46	74.31	-46.41
0.38	0.10	1.18	0.68	-0.07	0.66	100.94	72.92	-41.40
0.39	0.07	1.18	0.72	-0.10	0.70	104.38	62.29	-32.36
0.47	0.01	1.29	0.78	-0.09	0.75	116.08	56.12	-22.98
0.47	-0.01	1.37	0.74	-0.11	0.77	122.72	48.66	-15.33
0.43	-0.05	1.47	0.62	-0.14	0.79	126.86	35.77	-2.63
0.45	-0.11	1.51	0.54	-0.13	0.81	119.88	22.04	11.45
0.43	-0.09	1.54	0.41	-0.05	0.85	106.61	12.40	25.06
0.38	-0.04	1.65	0.37	0.02	0.89	107.67	3.56	41.38
0.40	0.02	1.68	0.36	0.10	0.88	100.72	-2.49	55.85
0.48	0.23	1.63	0.37	0.16	0.86	95.29	-10.09	66.89
0.50	0.41	1.67	0.41	0.21	0.87	97.38	-30.95	73.35
0.82	0.56	1.67	0.53	0.32	0.83	108.66	-41.10	70.28
0.90	0.51	1.46	0.42	0.41	0.79	105.52	-42.36	65.47
0.90	0.39	1.22	-0.03	0.47	0.83	92.69	-31.79	68.22
0.62	0.40	1.06	-0.12	0.57	0.88	66.28	-24.74	72.02
0.64	0.52	0.84	0.05	0.61	0.95	52.27	-17.17	68.41
0.72	0.59	0.75	0.14	0.54	1.00	52.29	-14.37	73.14
0.22	0.47	0.53	0.69	0.27	0.99	-2.62	-18.78	-4.86
0.07	0.44	0.47	0.76	0.22	1.03	15.65	-8.94	-14.25
-0.02	0.33	0.43	0.84	0.12	1.01	29.63	-6.45	-19.58
0.05	0.19	0.48	0.80	0.04	0.93	47.79	-8.16	-20.65
0.11	0.11	0.51	0.72	0.00	0.87	36.98	-24.01	-19.39
0.24	-0.09	0.57	0.72	0.05	0.83	26.63	-33.49	-20.10
0.34	-0.19	0.61	0.79	0.11	0.82	29.59	-37.02	-15.53
0.43	-0.30	0.68	0.73	0.19	0.82	27.72	-51.53	-15.23
0.43	-0.32	0.72	0.66	0.30	0.80	42.15	-45.34	-12.47
0.36	-0.29	0.78	0.59	0.30	0.78	38.90	-50.63	-17.67
0.19	-0.26	0.85	0.50	0.36	0.82	29.10	-57.57	-22.23
0.14	-0.20	0.90	0.45	0.41	0.82	24.58	-69.41	-21.64
0.00	-0.07	0.93	0.34	0.49	0.84	20.16	-73.29	-30.77
-0.16	-0.01	0.88	0.27	0.51	0.83	15.74	-70.73	-41.08
-0.23	0.05	0.83	0.18	0.50	0.90	18.53	-63.80	-43.65
-0.22	0.28	0.67	0.11	0.45	0.95	24.89	-60.58	-36.35
-0.31	0.43	0.51	0.10	0.44	0.92	31.65	-56.66	-24.80
-0.26	0.47	0.48	0.07	0.47	0.83	27.93	-58.26	-16.61
-0.19	0.59	0.50	0.04	0.50	0.75	14.61	-63.35	-16.63
-0.14	0.57	0.64	0.08	0.49	0.74	1.65	-67.80	-16.00
-0.07	0.55	0.71	0.06	0.47	0.74	-11.88	-66.49	-18.15
-0.04	0.42	0.85	0.07	0.44	0.76	-13.89	-55.94	-17.33
0.05	0.59	1.11	0.13	0.41	0.54	-16.70	-31.12	-18.39
-0.04	0.53	1.67	0.00	0.49	0.79	-62.94	-24.11	-22.54
0.16	0.32	1.79	0.23	0.56	0.97	-116.65	-25.60	-28.22
0.27	0.20	1.74	0.35	0.64	1.15	-143.14	-15.35	-33.04
0.24	0.44	1.42	0.47	0.75	1.31	-145.85	-9.18	-37.41
0.20	0.56	1.15	0.41	0.88	1.38	-132.33	1.14	-31.04
0.11	0.60	1.06	0.22	0.87	1.41	-133.32	-9.74	-25.36
0.03	0.60	1.09	0.13	0.81	1.31	-122.97	-22.87	-22.88
0.06	0.42	1.28	0.06	0.84	1.13	-118.30	-22.14	-12.05
0.17	0.32	1.36	0.05	0.81	1.05	-109.37	-6.30	14.33
0.22	0.13	0.99	0.38	0.60	0.10	89.36	101.11	30.47
0.23	0.06	1.04	0.29	0.60	0.13	73.91	114.44	20.82
0.25	-0.04	1.08	0.36	0.57	0.17	70.89	128.84	1.52
0.25	-0.05	1.06	0.41	0.52	0.20	67.77	136.89	-9.82
0.26	0.00	1.03	0.48	0.45	0.24	66.67	143.21	-26.18
0.25	0.07	1.06	0.46	0.43	0.29	63.22	146.06	-38.31
0.21	0.05	1.08	0.38	0.30	0.43	53.01	154.44	-53.61
0.11	-0.00	1.17	0.39	0.14	0.59	40.92	147.62	-59.61
0.04	-0.00	1.20	0.49	-0.03	0.74	36.10	144.59	-63.49
0.05	0.12	1.20	0.59	-0.11	0.75	43.37	131.33	-58.66
0.08	0.19	1.23	0.65	-0.16	0.78	55.18	118.18	-58.62
0.17	0.33	1.38	0.64	-0.29	0.79	58.95	93.46	-48.49
0.23	0.36	1.61	0.58	-0.34	0.86	54.54	65.77	-34.82
0.27	0.34	1.74	0.63	-0.37	0.89	56.73	36.26	-19.78
0.43	0.39	1.88	0.84	-0.37	0.94	76.68	4.29	-2.94
0.64	0.31	1.92	0.93	-0.26	0.93	103.14	-14.01	11.96
0.64	0.25	1.82	0.86	-0.22	0.90	114.25	-33.31	26.64
0.55	0.22	1.64	0.68	-0.09	0.84	119.40	-52.21	38.25
0.45	0.29	1.47	0.54	0.13	0.81	120.96	-49.61	48.91
0.47	0.25	1.43	0.34	0.30	0.81	103.35	-49.58	54.22
0.51	0.33	1.34	0.28	0.39	0.81	81.06	-38.75	57.90
0.65	0.32	1.15	0.15	0.51	0.81	58.49	-31.24	66.78
0.68	0.42	1.02	0.12	0.53	0.76	23.61	-25.80	73.90
0.61	0.45	0.86	0.18	0.57	0.78	6.00	-16.68	79.58
0.51	0.45	0.81	0.27	0.49	0.81	-13.84	-19.29	79.56
0.58	0.43	0.78	0.38	0.45	0.81	-17.40	-24.61	84.66
0.54	0.38	0.81	0.34	0.48	0.83	-21.22	-27.47	79.01
0.47	0.31	0.81	0.30	0.42	0.79	-14.82	-38.86	72.11
0.33	0.20	0.82	0.35	0.54	0.79	-20.31	-41.47	57.85
0.34	0.13	0.83	0.36	0.55	0.83	-7.00	-35.52	39.78
0.25	0.07	0.81	0.36	0.54	0.85	-20.83	-39.99	36.14
0.17	0.18	0.74	0.35	0.53	0.88	-21.03	-17.78	25.47
0.05	0.00	0.76	0.56	0.14	0.93	-10.93	-78.41	-20.59
0.02	-0.01	0.75	0.54	0.19	0.92	-3.72	-77.86	-29.24
-0.00	0.04	0.72	0.48	0.29	1.00	1.03	-85.82	-33.72
-0.01	0.10	0.65	0.47	0.41	1.08	17.14	-86.94	-38.59
-0.04	0.22	0.65	0.45	0.39	1.12	28.07	-88.06	-36.83
0.02	0.23	0.63	0.43	0.36	1.06	43.35	-81.80	-30.99
0.13	0.29	0.61	0.44	0.33	0.97	52.62	-81.32	-21.47
0.22	0.41	0.64	0.48	0.39	0.86	46.93	-83.75	-12.14
0.34	0.48	0.65	0.47	0.46	0.78	37.79	-93.49	-7.75
0.34	0.52	0.68	0.40	0.50	0.69	16.99	-100.66	-5.62
0.17	0.56	0.77	0.22	0.57	0.68	1.41	-102.88	-6.25
0.22	0.45	0.93	0.02	0.63	0.63	-12.27	-93.10	-8.00
0.16	0.52	0.99	-0.06	0.62	0.60	-20.64	-73.85	-10.34
0.17	0.35	1.11	-0.15	0.53	0.59	-19.26	-46.09	-9.64
0.11	0.50	1.35	-0.19	0.43	0.49	-20.54	-19.43	-13.69
-0.04	0.32	1.58	-0.12	0.46	0.62	-26.83	-10.99	-22.09
0.08	0.20	1.76	-0.16	0.50	0.74	-57.46	-17.83	-32.18
0.25	0.23	1.58	-0.04	0.49	0.94	-77.62	-23.85	-41.23
0.32	0.29	1.33	0.14	0.50	1.08	-70.68	-27.08	-36.30
0.32	0.39	1.09	0.13	0.61	0.99	-43.21	-23.17	-28.87
0.32	0.25	0.93	-0.01	0.68	0.97	-55.52	-31.38	-22.51
0.20	0.36	0.99	-0.02	0.54	1.08	-77.34	-34.34	-16.75
0.30	0.43	0.95	0.16	0.48	1.08	-102.57	-48.55	-8.61
0.29	0.42	0.95	0.22	0.59	1.03	-121.90	-54.90	7.82
0.27	0.32	1.04	0.09	0.77	1.03	-121.28	-36.67	11.64
0.21	0.37	1.11	0.09	0.85	1.06	-112.79	-36.79	19.69
0.16	0.33	1.13	0.16	0.84	1.09	-95.77	-33.95	23.00
0.16	0.30	1.13	0.24	0.86	1.02	-89.73	-34.16	29.40
0.20	0.23	1.09	0.16	0.85	0.90	-59.80	-24.90	37.65
0.23	0.22	1.03	0.11	0.95	0.81	-24.72	-9.85	28.97
0.24	0.26	0.95	0.14	0.94	0.73	-29.24	19.26	32.43
0.29	0.27	0.93	0.12	0.97	0.63	-29.96	41.95	50.58
0.14	-0.22	1.43	0.72	-0.12	0.49	33.92	67.41	-20.91
0.30	-0.25	1.56	0.71	-0.11	0.50	42.82	53.17	-16.99
0.49	-0.32	1.68	0.64	-0.09	0.54	56.66	34.47	-14.18
0.46	-0.18	1.61	0.52	-0.04	0.61	66.58	22.95	-9.78
0.45	-0.06	1.58	0.39	0.01	0.73	77.00	13.69	-1.14
0.47	0.15	1.57	0.38	0.05	0.76	84.59	1.18	8.67
0.49	0.39	1.53	0.32	0.21	0.76	97.89	-10.48	15.27
0.50	0.47	1.52	0.16	0.38	0.74	111.41	-8.01	16.25
0.55	0.65	1.27	-0.09	0.49	0.75	99.08	-3.49	19.59
0.46	0.76	1.02	-0.13	0.50	0.76	85.65	1.53	24.63
0.38	0.74	0.91	0.02	0.46	0.88	77.06	10.36	33.12
0.47	0.84	0.93	0.30	0.42	0.95	82.06	17.57	41.30
0.57	0.61	0.95	0.39	0.41	0.98	87.02	21.78	49.71
0.54	0.50	0.89	0.46	0.45	1.01	89.33	25.37	55.54
0.47	0.50	0.87	0.47	0.50	1.02	85.15	19.45	55.30
0.39	0.30	0.89	0.52	0.46	1.04	72.37	3.48	53.03
0.33	0.20	0.99	0.59	0.48	1.08	69.22	-8.74	50.08
0.39	0.13	1.02	0.65	0.45	1.16	65.25	-25.96	46.12
0.50	0.02	1.10	0.64	0.35	1.17	62.11	-35.38	45.09
0.51	-0.17	1.06	0.47	0.36	1.15	46.94	-47.17	42.38
0.54	-0.22	1.08	0.41	0.33	1.14	37.22	-46.45	42.49
0.53	-0.24	1.06	0.30	0.32	1.06	24.14	-57.37	44.34
0.41	-0.16	0.98	0.27	0.43	0.98	19.75	-46.91	40.00
0.34	-0.13	0.92	0.25	0.52	0.92	4.07	-51.27	39.09
0.33	-0.02	0.83	0.25	0.56	0.84	4.14	-28.49	29.79
0.39	-0.01	0.77	-0.03	0.64	0.78	-14.41	-20.11	22.89
0.33	0.08	0.65	-0.16	0.59	0.73	-68.87	-33.27	26.83
0.27	0.22	0.45	0.05	0.56	0.74	-84.66	-9.28	16.65
0.26	0.28	0.31	0.45	0.55	0.85	-51.21	14.56	20.07
0.29	0.25	0.32	0.47	0.34	0.83	16.30	16.24	8.80
0.36	0.11	0.38	0.27	0.20	0.77	-3.45	3.24	1.21
0.23	-0.01	0.45	0.36	0.08	0.73	13.18	8.59	-0.45
-0.26	0.27	0.69	0.14	0.41	0.83	-24.88	-93.57	0.04
-0.17	0.33	0.67	0.14	0.48	0.81	-31.83	-94.15	0.02
-0.04	0.39	0.70	0.14	0.54	0.77	-47.17	-89.50	-4.10
0.18	0.40	0.79	0.16	0.62	0.75	-65.22	-84.48	-10.78
0.32	0.42	0.84	0.17	0.66	0.78	-83.67	-81.31	-19.74
0.39	0.40	0.90	0.22	0.67	0.84	-90.98	-76.11	-26.40
0.32	0.54	0.91	0.17	0.67	0.86	-89.58	-70.95	-32.56
0.23	0.64	0.95	0.10	0.68	0.88	-85.70	-62.66	-36.02
0.19	0.66	0.97	0.01	0.70	0.90	-89.62	-54.15	-40.83
0.12	0.70	1.15	-0.09	0.72	0.91	-86.11	-41.18	-44.34
0.22	0.59	1.21	-0.09	0.69	0.90	-79.03	-23.03	-40.84
0.22	0.39	1.36	-0.00	0.63	0.83	-60.58	3.07	-30.59
0.35	0.26	1.49	0.02	0.59	0.71	-55.85	25.65	-18.10
0.31	0.25	1.48	0.09	0.56	0.65	-62.84	36.74	-3.91
0.26	0.22	1.39	0.21	0.58	0.63	-77.10	38.93	9.44
0.11	0.15	1.35	0.28	0.52	0.79	-88.80	40.98	18.09
-0.00	-0.01	1.33	0.29	0.50	0.96	-93.87	29.84	22.01
-0.10	0.13	1.38	0.34	0.54	1.00	-89.66	24.48	27.39
-0.04	0.26	1.15	0.46	0.60	1.01	-77.49	17.94	34.42
0.03	0.29	1.08	0.60	0.61	1.05	-47.12	13.25	31.00
0.06	0.30	1.08	0.70	0.56	1.12	-36.93	20.68	24.47
0.02	0.36	1.06	0.69	0.64	1.11	-8.64	3.78	29.14
0.01	0.41	1.01	0.57	0.73	1.15	-12.09	18.05	31.86
0.05	0.42	1.01	0.41	0.83	1.10	-17.00	9.86	43.31
0.18	0.39	1.02	0.38	0.84	0.99	-36.69	32.25	31.66
0.08	0.32	0.97	0.37	0.76	0.91	-27.08	24.62	36.24
0.03	0.27	0.92	0.26	0.82	0.76	-20.07	37.89	32.68
0.04	0.29	0.86	0.00	0.80	0.63	-45.10	54.93	25.88
0.01	0.36	0.83	-0.02	0.73	0.52	-52.96	67.51	13.84
0.02	0.41	0.81	0.21	0.75	0.42	-48.22	84.19	-1.14
0.07	0.45	0.83	0.32	0.72	0.29	-30.01	99.18	-14.75
0.15	0.44	0.89	0.26	0.70	0.18	-22.88	131.43	-32.34
0.19	-0.07	0.89	0.55	-0.12	0.62	41.63	108.71	27.73
0.15	0.01	0.95	0.42	-0.20	0.57	38.59	99.73	32.82
0.18	0.01	1.05	0.42	-0.19	0.56	34.76	86.00	39.19
0.20	0.01	1.07	0.43	-0.20	0.58	24.25	74.30	43.04
0.23	-0.02	1.12	0.51	-0.23	0.65	19.53	65.49	43.89
0.24	-0.07	1.15	0.66	-0.31	0.71	22.03	52.83	45.53
0.24	-0.06	1.21	0.75	-0.32	0.73	30.85	38.00	45.30
0.30	-0.14	1.42	0.84	-0.39	0.73	46.18	20.32	46.55
0.36	-0.37	1.65	0.82	-0.44	0.75	48.98	-1.42	44.75
0.30	-0.46	1.66	0.82	-0.41	0.86	51.44	-24.30	42.44
0.10	-0.48	1.62	0.83	-0.41	0.91	52.54	-53.42	42.69
-0.02	-0.47	1.59	0.79	-0.30	0.89	58.59	-74.00	41.50
-0.04	-0.40	1.59	0.67	-0.16	0.81	61.23	-92.42	39.80
0.03	-0.29	1.63	0.62	-0.08	0.77	65.58	-111.09	33.73
0.05	-0.23	1.63	0.39	0.01	0.77	44.55	-120.71	29.79
0.05	-0.10	1.54	0.23	0.07	0.82	18.09	-129.95	24.10
0.07	-0.04	1.48	0.24	0.15	0.86	-1.63	-123.51	20.04
0.18	0.07	1.42	0.31	0.18	0.86	-3.15	-130.86	23.13
0.28	0.11	1.36	0.48	0.32	0.83	4.81	-119.04	25.15
0.25	0.07	1.35	0.48	0.42	0.83	-0.03	-112.03	19.68
0.27	0.13	1.30	0.57	0.49	0.84	3.20	-106.29	14.16
0.26	0.18	1.15	0.66	0.50	0.83	9.36	-101.32	7.87
0.26	0.13	1.15	0.72	0.50	0.84	21.15	-95.08	0.12
0.33	0.15	1.08	0.86	0.44	0.85	34.77	-101.30	-5.41
0.34	0.17	1.11	0.87	0.45	0.88	80.79	-86.21	-12.76
0.31	-0.05	1.06	0.75	0.40	0.85	103.76	-76.95	-20.01
0.10	-0.20	1.11	0.41	0.37	0.80	103.56	-71.90	-24.15
0.22	-0.13	1.08	0.06	0.39	0.75	85.67	-54.13	-29.32
0.30	-0.31	1.06	-0.02	0.45	0.72	62.84	-27.31	-25.70
0.33	-0.28	0.92	-0.10	0.56	0.75	29.59	4.06	-15.86
0.43	-0.16	0.70	-0.25	0.66	0.81	-15.64	32.71	-2.77
0.49	-0.03	0.49	-0.05	0.58	0.90	-34.69	51.06	12.98
0.07	-0.34	0.78	0.45	0.07	1.06	41.08	-63.99	-12.02
-0.05	-0.30	0.87	0.43	0.05	0.99	30.65	-75.94	-10.48
-0.18	-0.25	0.91	0.30	0.03	0.85	-19.58	-92.51	-15.53
-0.19	-0.16	0.92	0.31	0.05	0.93	-45.45	-106.72	-22.36
-0.14	-0.11	0.78	0.33	0.17	0.92	-66.64	-116.03	-22.31
-0.11	-0.07	0.74	0.33	0.21	1.00	-77.10	-120.90	-21.93
0.04	0.05	0.70	0.29	0.23	1.04	-90.53	-122.24	-24.13
0.09	0.21	0.74	0.20	0.34	1.06	-100.85	-119.01	-26.33
0.03	0.29	0.76	0.16	0.42	1.09	-99.15	-114.13	-29.07
0.16	0.27	0.85	0.18	0.42	1.09	-95.55	-109.83	-29.34
0.21	0.29	0.93	0.14	0.47	1.08	-90.32	-108.16	-31.39
0.20	0.34	0.97	0.11	0.53	1.07	-83.21	-107.37	-32.68
0.16	0.37	0.99	0.03	0.65	1.00	-67.86	-101.59	-30.82
0.10	0.46	1.03	-0.09	0.66	0.99	-79.51	-87.95	-27.43
0.14	0.50	1.10	-0.29	0.71	0.96	-96.97	-73.23	-24.94
0.22	0.47	1.26	-0.22	0.68	0.93	-111.35	-55.33	-16.20
0.17	0.49	1.40	-0.03	0.65	0.86	-116.70	-33.30	-3.81
0.10	0.33	1.46	0.08	0.63	0.84	-102.65	-15.78	12.18
0.17	0.35	1.42	0.05	0.64	0.82	-106.26	-5.84	29.71
0.11	0.29	1.33	0.09	0.68	0.80	-104.76	4.14	43.21
0.11	0.15	1.26	0.16	0.70	0.79	-104.26	15.16	58.17
0.07	0.27	1.22	0.23	0.72	0.75	-90.07	27.18	73.22
0.09	0.27	1.23	0.27	0.73	0.71	-77.57	32.59	82.93
0.06	0.24	1.17	0.37	0.67	0.73	-50.65	34.52	85.47
0.00	0.26	1.14	0.54	0.72	0.78	-31.11	27.09	77.67
0.00	0.36	1.09	0.69	0.74	0.86	-8.77	39.44	64.63
0.05	0.27	1.16	0.56	0.76	0.84	-1.27	39.48	63.69
0.09	0.18	1.17	0.45	0.69	0.77	-16.05	59.46	59.63
0.15	0.16	1.09	0.48	0.70	0.74	-7.80	53.21	56.54
0.14	0.18	1.00	0.54	0.73	0.66	10.82	65.08	48.78
0.09	0.23	0.93	0.46	0.73	0.57	8.97	99.24	32.35
0.08	0.29	0.92	0.42	0.65	0.41	17.88	101.95	25.60
0.22	0.02	0.97	0.88	-0.19	0.50	0.33	118.09	17.91
0.21	-0.01	0.95	0.88	-0.18	0.49	4.54	115.74	20.45
0.13	-0.04	0.94	0.84	-0.17	0.47	18.23	113.48	24.70
0.09	-0.06	0.94	0.76	-0.16	0.39	23.51	111.33	25.91
0.06	-0.07	0.92	0.65	-0.16	0.40	18.22	100.11	26.39
0.00	-0.07	0.95	0.65	-0.20	0.41	13.60	87.58	27.99
-0.03	-0.08	0.99	0.63	-0.21	0.41	11.18	71.66	30.75
-0.04	-0.09	1.00	0.64	-0.22	0.43	7.35	56.76	32.97
-0.05	-0.13	1.04	0.66	-0.21	0.45	4.64	40.61	34.09
-0.01	-0.14	1.08	0.71	-0.21	0.45	12.39	22.74	33.86
0.02	-0.11	1.11	0.77	-0.16	0.44	26.27	6.01	30.53
0.12	0.00	1.19	0.82	-0.14	0.46	40.97	-14.50	24.44
0.26	-0.12	1.32	0.82	-0.18	0.50	46.85	-21.27	13.71
0.35	-0.24	1.35	0.79	-0.23	0.55	53.07	-32.91	2.78
0.35	-0.39	1.36	0.83	-0.27	0.70	68.35	-43.53	1.24
0.36	-0.38	1.43	0.86	-0.22	0.81	91.81	-45.09	1.15
0.38	-0.38	1.48	0.72	-0.17	0.84	109.32	-53.99	4.39
0.41	-0.28	1.51	0.63	-0.14	0.87	111.50	-66.32	6.49
0.40	-0.25	1.49	0.41	-0.08	0.95	96.85	-77.50	11.04
0.32	-0.25	1.47	0.25	-0.07	1.02	78.49	-88.37	19.06
0.30	-0.21	1.43	0.21	-0.05	1.06	56.12	-94.17	26.72
0.33	-0.13	1.42	0.26	-0.03	1.05	35.88	-98.93	31.46
0.41	-0.03	1.43	0.38	-0.01	1.00	22.15	-105.71	34.94
0.35	0.07	1.45	0.50	0.08	0.96	7.80	-116.54	33.17
0.41	0.03	1.37	0.57	0.20	0.97	-1.95	-122.94	28.95
0.42	-0.00	1.35	0.62	0.21	0.95	-11.76	-135.23	22.91
0.39	-0.08	1.31	0.73	0.30	0.91	11.85	-130.58	10.03
0.44	-0.12	1.18	0.83	0.36	0.91	46.87	-124.07	1.92
0.54	-0.18	1.02	0.83	0.47	0.92	103.97	-104.75	-8.22
0.48	-0.21	0.91	0.56	0.46	0.86	126.19	-83.79	-4.36
0.50	-0.26	0.93	0.22	0.47	0.81	112.40	-55.31	-5.38
0.52	-0.27	1.04	-0.06	0.50	0.77	68.15	-26.08	-2.57
0.11	-0.17	0.49	0.56	0.16	1.01	58.37	-9.38	8.79
0.05	-0.20	0.50	0.53	0.06	1.06	70.70	-28.61	14.11
-0.02	-0.21	0.58	0.53	0.04	0.99	75.94	-25.07	16.95
-0.04	-0.23	0.63	0.53	0.02	0.92	73.68	-39.37	21.10
0.35	-2.00	1.39	0.11	-0.14	0.97	99.47	-72.66	21.19
0.44	-2.00	1.49	0.19	-0.00	0.97	89.84	-65.83	19.11
0.50	-2.00	1.50	0.26	0.10	0.96	87.24	-64.47	16.89
0.64	-2.00	1.47	0.33	0.13	0.97	78.94	-65.11	11.78
0.58	-2.00	1.38	0.45	0.13	1.00	68.75	-56.19	10.64
0.51	-2.00	1.34	0.48	0.14	1.07	71.35	-44.69	15.91
0.48	-1.87	1.22	0.49	0.23	1.12	78.84	-31.14	12.18
0.57	-1.84	1.04	0.48	0.22	1.16	90.17	-16.03	16.47
0.66	-1.88	0.96	0.40	0.14	1.24	96.44	-10.24	26.95
0.66	-1.94	0.91	0.31	0.04	1.29	93.29	-4.94	34.78
0.68	-2.00	1.02	0.22	-0.02	1.29	86.26	-5.19	40.06
0.78	-2.00	1.13	0.16	-0.03	1.29	74.65	-9.93	46.99
0.95	-2.00	1.06	0.06	0.02	1.24	55.23	-7.82	47.46
0.86	-2.00	0.97	0.06	0.06	1.21	49.74	-5.94	52.70
0.77	-2.00	0.81	0.00	0.07	1.17	38.81	-3.23	55.30
0.79	-2.00	0.73	0.12	0.01	1.19	21.49	-2.43	64.74
0.68	-2.00	0.65	0.14	0.05	1.18	12.73	-2.43	72.56
0.71	-2.00	0.57	0.15	0.14	1.01	-5.59	11.18	73.54
0.72	-2.00	0.60	0.16	0.15	0.93	-9.61	19.17	75.46
0.68	-2.00	0.66	0.43	0.18	0.79	30.79	34.55	74.92
0.68	-1.91	0.69	0.39	0.19	0.83	67.35	51.13	80.59
0.67	-1.89	0.68	0.05	0.17	0.82	45.17	49.51	78.64
0.68	-1.87	0.68	-0.21	0.20	0.85	7.80	49.39	68.31
0.64	-1.94	0.75	-0.30	0.18	0.85	-36.42	38.01	52.43
0.43	-1.93	0.80	-0.02	0.17	0.85	-22.70	25.08	48.26
0.35	-1.92	0.80	-0.05	0.18	0.97	4.54	39.05	35.04
0.25	-1.82	0.77	-0.05	0.09	1.04	12.83	44.44	37.29
0.22	-1.79	0.74	-0.21	0.13	1.00	14.38	37.72	40.51
0.18	-1.81	0.70	0.01	0.12	0.95	18.65	21.20	42.44
0.11	-1.85	0.75	0.35	0.04	0.82	43.24	-1.27	50.45
0.45	-1.90	0.68	0.14	0.14	0.86	44.74	1.68	40.87
0.53	-1.98	0.68	0.11	0.18	0.84	22.35	-5.71	31.43
-0.16	-1.73	0.93	0.30	0.04	1.09	50.87	-51.66	-30.04
-0.17	-1.76	0.93	0.33	0.08	0.87	42.36	-62.04	-24.54
-0.14	-1.73	0.88	0.20	0.14	0.68	16.86	-73.24	-24.34
-0.04	-1.65	0.80	0.09	0.15	0.63	-9.91	-77.63	-26.56
-0.02	-1.63	0.77	0.03	0.20	0.57	-31.22	-75.38	-25.73
-0.01	-1.58	0.70	0.05	0.23	0.59	-43.71	-75.01	-24.63
-0.23	-1.50	0.59	-0.06	0.27	0.68	-51.74	-69.82	-23.32
-0.13	-1.52	0.63	-0.23	0.26	0.77	-45.93	-58.09	-23.29
0.02	-1.52	0.68	-0.13	0.35	0.93	-36.45	-48.32	-28.05
-0.22	-1.52	0.81	0.04	0.38	1.04	-17.94	-46.20	-30.33
0.00	-1.57	0.84	-0.01	0.36	1.10	-2.30	-50.64	-32.62
0.18	-1.60	0.91	-0.07	0.32	1.13	11.77	-58.20	-34.63
0.06	-1.61	1.04	-0.14	0.35	0.93	16.86	-58.31	-39.19
0.02	-1.65	1.18	-0.38	0.37	0.87	-19.99	-72.66	-49.45
0.51	-1.81	1.35	-0.34	0.36	0.84	-52.77	-83.63	-54.91
0.69	-1.89	1.39	-0.17	0.31	0.89	-65.33	-84.81	-49.25
0.68	-1.88	1.37	-0.14	0.31	0.94	-90.42	-86.15	-45.51
0.62	-1.90	1.33	-0.14	0.28	1.03	-109.78	-85.49	-41.76
0.58	-1.87	1.20	-0.11	0.22	1.11	-136.02	-87.59	-31.85
0.55	-1.86	1.12	0.05	0.22	1.20	-149.45	-86.09	-15.64
0.57	-1.83	1.08	0.16	0.30	1.26	-157.89	-81.33	0.24
0.57	-1.76	1.04	0.12	0.36	1.35	-163.06	-76.20	11.25
0.51	-1.77	1.06	0.09	0.41	1.33	-160.73	-70.25	25.76
0.43	-1.93	1.05	0.13	0.55	1.30	-145.45	-56.12	28.19
0.38	-1.75	1.09	0.11	0.77	1.36	-126.70	-43.02	38.76
0.34	-1.75	1.14	0.06	0.91	1.36	-118.83	-4.91	38.86
0.37	-1.78	1.17	0.16	0.79	1.24	-87.77	2.56	50.80
0.37	-1.86	1.11	0.22	0.74	1.16	-63.68	21.39	55.69
0.37	-1.84	1.02	0.19	0.73	1.02	-60.23	56.05	62.91
0.35	-1.81	0.98	0.13	0.62	0.68	-90.31	76.24	68.89
0.32	-1.86	0.91	0.29	0.54	0.46	-72.30	100.01	66.46
0.29	-1.90	0.86	0.41	0.59	0.25	-29.79	134.41	51.48
0.51	-2.00	1.12	0.74	-0.19	0.56	52.47	68.09	-18.37
0.51	-2.00	1.12	0.74	-0.19	0.56	58.82	64.56	-20.83
0.52	-2.00	1.13	0.78	-0.11	0.59	82.57	51.90	-25.25
0.50	-2.00	1.17	0.76	-0.08	0.62	112.25	44.01	-28.30
0.51	-2.00	1.24	0.53	-0.13	0.77	126.60	33.42	-28.05
0.39	-2.00	1.33	0.31	-0.25	0.97	123.25	18.33	-21.32
0.33	-2.00	1.33	0.23	-0.36	1.09	108.35	1.54	-8.10
0.25	-2.00	1.32	0.18	-0.41	1.13	83.38	-19.71	8.09
0.23	-2.00	1.32	0.16	-0.37	1.13	53.72	-40.83	22.53
0.27	-2.00	1.33	0.24	-0.25	1.07	30.83	-54.13	33.58
0.32	-2.00	1.37	0.32	-0.20	1.05	21.77	-65.35	42.53
0.50	-2.00	1.35	0.51	-0.07	1.01	25.38	-66.41	47.67
0.58	-2.00	1.33	0.63	0.05	0.99	39.85	-65.15	44.74
0.73	-2.00	1.25	0.61	0.17	0.98	57.24	-66.63	38.69
0.91	-1.88	1.15	0.56	0.18	0.96	59.30	-72.30	35.49
0.95	-1.87	1.14	0.52	0.17	1.01	62.55	-75.09	30.61
0.95	-1.94	1.17	0.48	0.08	1.17	70.93	-75.30	29.01
0.93	-2.00	1.26	0.42	-0.02	1.25	68.44	-68.39	36.84
0.98	-2.00	1.29	0.38	-0.03	1.28	65.10	-57.53	46.86
0.94	-2.00	1.28	0.36	-0.03	1.21	68.93	-42.36	57.11
0.91	-2.00	1.24	0.29	0.05	1.03	54.54	-28.60	72.69
0.84	-2.00	1.18	0.29	0.17	0.93	43.45	-19.36	72.32
0.73	-2.00	1.16	0.19	0.25	0.76	13.04	-16.26	68.18
0.59	-2.00	1.10	0.18	0.22	0.66	-14.30	-3.19	62.17
0.56	-2.00	1.07	0.18	0.24	0.64	-30.15	5.63	55.09
0.45	-2.00	1.00	0.22	0.34	0.59	-15.62	27.46	47.73
0.49	-1.95	0.91	0.20	0.34	0.61	-1.29	37.92	34.91
0.56	-1.91	0.74	0.23	0.36	0.72	19.68	49.34	28.62
0.69	-1.92	0.62	0.06	0.30	0.92	7.36	56.53	27.91
0.64	-1.93	0.53	0.01	0.20	1.19	35.93	52.60	33.40
0.52	-1.89	0.49	-0.07	0.11	1.31	16.72	40.70	45.55
0.43	-1.87	0.49	0.29	0.07	1.18	29.00	35.71	60.16
0.08	-2.00	0.78	0.47	0.45	0.86	16.43	-12.90	1.40
0.02	-2.00	0.82	0.45	0.37	0.87	21.86	-18.26	2.20
-0.01	-2.00	0.82	0.43	0.22	0.99	34.22	-29.95	-7.08
-0.03	-2.00	0.80	0.45	0.17	1.02	63.49	-8.74	-2.51
0.01	-2.00	0.82	0.38	0.07	1.07	56.91	-16.82	1.75
0.01	-2.00	0.82	0.50	0.06	0.99	44.40	-37.44	7.50
0.06	-2.00	0.82	0.38	0.04	0.99	40.10	-37.96	9.07
0.16	-2.00	0.74	0.46	0.02	0.88	29.96	-51.26	19.18
0.25	-2.00	0.70	0.54	0.03	0.70	18.43	-59.62	30.46
0.29	-2.00	0.65	0.43	0.13	0.69	-2.76	-73.11	22.19
0.18	-2.00	0.71	0.40	0.21	0.67	-20.47	-79.87	13.02
0.13	-2.00	0.71	0.33	0.30	0.64	-26.25	-79.13	2.59
-0.07	-2.00	0.78	0.31	0.36	0.67	-27.57	-73.59	-5.51
-0.20	-1.85	0.76	0.21	0.35	0.66	-32.86	-66.87	-15.43
-0.23	-1.80	0.74	0.17	0.34	0.68	-32.58	-59.17	-23.06
-0.31	-1.71	0.73	0.11	0.34	0.71	-25.73	-52.87	-29.63
-0.28	-1.68	0.77	0.13	0.32	0.75	-16.56	-48.68	-31.43
-0.25	-1.65	0.82	0.14	0.37	0.78	-8.32	-48.78	-33.94
-0.14	-1.67	0.89	0.05	0.42	0.83	-1.30	-50.71	-40.73
0.03	-1.66	0.91	0.02	0.50	0.86	5.71	-50.42	-49.64
0.11	-1.65	0.92	0.05	0.55	0.90	5.55	-57.79	-59.49
0.23	-1.64	0.95	0.05	0.51	0.92	1.75	-69.36	-66.01
0.29	-1.67	1.00	0.09	0.45	0.93	0.33	-78.60	-68.27
0.08	-1.74	1.25	-0.04	0.31	0.97	-16.59	-89.58	-64.75
0.25	-1.81	1.29	-0.17	0.25	1.04	-49.68	-91.25	-64.61
0.45	-1.88	1.44	-0.12	0.27	1.06	-71.52	-89.41	-55.72
0.74	-1.89	1.40	-0.02	0.31	1.07	-97.12	-78.58	-50.17
0.76	-1.85	1.31	0.21	0.33	1.07	-140.77	-78.56	-32.30
0.63	-1.81	1.20	0.29	0.41	1.20	-163.36	-88.82	-13.47
0.44	-1.78	1.22	0.32	0.53	1.35	-172.63	-95.60	2.60
0.35	-1.72	1.25	0.40	0.65	1.51	-128.56	-94.22	20.04
0.38	-1.75	1.34	0.40	0.74	1.45	-63.45	-84.04	26.76
0.14	-1.94	0.84	-0.05	0.69	0.19	-10.00	114.92	29.47
0.14	-1.95	0.84	-0.09	0.64	0.23	-21.30	129.14	23.80
0.13	-1.95	0.80	-0.02	0.59	0.23	-33.12	142.12	17.98
0.13	-1.91	0.78	0.24	0.55	0.26	-25.80	153.27	8.16
0.11	-1.88	0.78	0.36	0.49	0.29	-20.99	164.84	-6.88
0.15	-1.90	0.81	0.39	0.38	0.34	-16.66	179.04	-14.13
0.20	-1.94	0.82	0.42	0.34	0.38	-19.68	178.00	-22.32
0.23	-1.99	0.82	0.54	0.25	0.46	-19.20	178.47	-27.01
0.31	-2.00	0.81	0.61	0.20	0.50	-14.66	185.11	-33.61
0.36	-2.00	0.88	0.67	0.14	0.47	-2.62	182.26	-42.33
0.37	-2.00	0.93	0.68	0.15	0.47	19.25	206.76	-53.03
0.35	-2.00	1.01	0.55	0.06	0.51	37.62	185.38	-50.97
0.32	-2.00	1.05	0.39	-0.09	0.65	35.45	177.79	-53.29
0.33	-2.00	1.07	0.31	-0.22	0.77	20.39	164.52	-50.72
0.28	-2.00	1.06	0.37	-0.28	0.83	7.90	141.30	-46.75
0.26	-2.00	1.08	0.52	-0.38	0.86	3.40	117.69	-37.96
0.26	-2.00	1.08	0.61	-0.41	0.83	8.09	96.23	-30.08
0.29	-2.00	1.10	0.61	-0.41	0.79	11.47	69.72	-23.17
0.34	-2.00	1.14	0.63	-0.36	0.74	13.03	43.94	-14.63
0.37	-2.00	1.18	0.69	-0.32	0.72	23.34	19.78	-9.90
0.45	-2.00	1.21	0.76	-0.29	0.74	41.82	-2.46	-3.57
0.55	-2.00	1.24	0.79	-0.30	0.76	67.95	-20.92	3.96
0.57	-2.00	1.22	0.74	-0.30	0.81	84.67	-37.02	11.61
0.63	-2.00	1.25	0.61	-0.34	0.89	86.59	-50.25	21.71
0.62	-2.00	1.26	0.56	-0.36	0.99	85.00	-58.02	33.37
0.55	-2.00	1.25	0.50	-0.34	1.03	83.63	-63.33	49.87
0.48	-2.00	1.21	0.41	-0.26	1.00	74.39	-65.30	67.67
0.42	-2.00	1.15	0.34	-0.14	0.91	66.41	-66.67	77.65
0.38	-2.00	1.12	0.24	-0.00	0.86	48.71	-61.55	87.89
0.37	-2.00	1.11	0.25	0.05	0.85	-1.45	-66.28	89.99
0.38	-2.00	1.15	0.35	0.09	0.86	-21.37	-63.06	80.84
0.42	-2.00	1.20	0.37	0.02	0.87	-40.25	-64.96	72.84
0.57	-1.83	0.67	0.20	0.30	1.13	14.17	32.85	18.62
0.52	-1.81	0.59	0.28	0.31	1.13	19.51	30.93	30.56
0.45	-1.65	0.53	0.36	0.32	1.11	19.79	7.82	50.49
0.30	-1.80	0.60	0.39	0.33	1.06	8.33	12.01	42.76
0.27	-1.90	0.76	0.47	0.31	1.03	-1.50	5.32	37.08
0.28	-1.95	0.81	0.44	0.38	1.00	-8.86	-32.00	40.28
0.24	-1.99	0.84	0.45	0.39	1.00	-6.90	-4.15	31.04
0.20	-1.90	0.75	0.45	0.33	0.98	14.60	-1.46	25.25
0.20	-1.99	0.74	0.47	0.26	1.04	37.40	-3.39	25.41
0.16	-1.93	0.69	0.50	0.12	1.12	73.02	0.52	28.56
0.10	-1.96	0.73	0.49	0.07	1.13	95.87	1.45	34.45
0.13	-1.94	0.73	0.47	-0.02	1.07	115.60	-2.74	42.80
0.10	-1.94	0.74	0.42	-0.08	0.99	118.33	16.19	51.00
0.07	-2.00	0.75	0.38	-0.03	0.91	92.96	12.20	58.36
0.01	-2.00	0.77	0.38	0.00	0.86	63.65	11.21	59.40
0.00	-2.00	0.76	0.43	0.07	0.77	38.66	-14.82	61.62
0.05	-2.00	0.74	0.47	0.10	0.72	39.73	14.46	54.57
0.07	-2.00	0.72	0.45	0.13	0.69	30.91	10.59	48.52
0.05	-2.00	0.73	0.43	0.15	0.74	29.80	-2.04	45.85
0.00	-2.00	0.75	0.39	0.20	0.75	27.50	-4.12	28.50
-0.01	-2.00	0.77	0.38	0.30	0.84	23.96	-12.89	16.72
-0.04	-2.00	0.79	0.34	0.32	0.90	18.20	-19.12	-0.05
-0.06	-2.00	0.83	0.31	0.27	0.95	28.05	-23.43	-10.84
-0.07	-2.00	0.85	0.28	0.16	0.99	46.17	-32.59	-12.11
-0.07	-2.00	0.83	0.30	0.16	0.96	53.06	-44.16	-14.35
-0.09	-2.00	0.82	0.24	0.22	0.88	46.36	-57.03	-19.20
-0.03	-2.00	0.76	0.15	0.27	0.84	32.15	-67.66	-24.29
0.06	-1.98	0.74	0.10	0.30	0.88	17.37	-74.88	-28.75
0.17	-1.95	0.75	0.04	0.29	0.90	-0.40	-83.50	-30.95
0.25	-1.87	0.77	-0.02	0.32	0.91	-26.12	-89.79	-32.68
0.26	-1.81	0.83	-0.03	0.32	0.94	-52.54	-97.63	-29.05
0.16	-1.76	0.87	-0.09	0.38	0.93	-80.29	-101.81	-23.85
0.15	-1.62	0.80	0.25	0.59	0.75	-48.30	-30.59	31.33
0.07	-1.68	0.76	0.15	0.56	0.75	-58.94	-25.12	37.49
0.07	-1.70	0.80	0.16	0.57	0.74	-69.95	-17.75	44.17
0.14	-1.69	0.84	0.28	0.70	0.70	-59.56	-14.03	49.65
0.20	-1.69	0.86	0.34	0.74	0.74	-56.61	-5.65	50.68
0.19	-1.76	0.95	0.35	0.71	0.82	-48.88	5.64	51.31
0.16	-1.78	1.03	0.36	0.65	0.85	-36.32	17.19	54.68
0.13	-1.75	0.99	0.35	0.69	0.81	-22.64	32.35	50.40
0.09	-1.71	1.07	0.47	0.68	0.79	0.22	42.47	42.13
0.07	-1.69	1.10	0.49	0.69	0.76	20.05	59.88	29.29
0.07	-1.74	1.09	0.42	0.65	0.70	11.17	63.93	20.11
0.13	-1.79	1.05	0.42	0.58	0.66	15.35	65.71	13.69
0.19	-1.83	1.00	0.45	0.63	0.70	22.49	69.11	2.83
0.22	-1.86	0.98	0.45	0.68	0.72	16.81	70.53	-10.15
0.20	-1.87	0.90	0.30	0.75	0.76	-12.17	66.77	-19.30
0.19	-1.86	0.84	0.17	0.72	0.75	-42.73	68.99	-24.01
0.20	-1.84	0.83	0.19	0.68	0.73	-58.82	81.89	-23.64
0.25	-1.79	0.81	0.18	0.59	0.70	-66.83	92.22	-21.92
0.32	-1.79	0.82	0.36	0.57	0.56	-61.49	104.76	-24.62
0.34	-1.81	0.84	0.47	0.51	0.43	-61.54	143.78	-38.23
0.35	-1.81	0.86	0.52	0.42	0.35	-47.15	129.79	-34.39
0.35	-1.80	0.88	0.51	0.40	0.36	-28.56	151.27	-43.83
0.36	-1.79	0.90	0.52	0.35	0.38	-7.63	144.05	-50.74
0.38	-1.81	0.93	0.56	0.27	0.39	5.45	137.13	-51.43
0.38	-1.88	0.96	0.50	0.17	0.46	8.87	133.54	-52.56
0.41	-1.93	1.01	0.45	0.09	0.49	6.98	139.21	-53.40
0.45	-1.97	1.05	0.47	0.01	0.53	3.25	131.43	-46.23
0.50	-2.00	1.08	0.57	-0.09	0.54	2.96	133.46	-41.92
0.56	-2.00	1.11	0.68	-0.19	0.58	15.24	133.36	-31.65
0.59	-2.00	1.11	0.72	-0.23	0.68	27.47	129.23	-20.88
0.50	-2.00	1.06	0.72	-0.26	0.74	36.81	131.53	-9.11
0.39	-2.00	1.03	0.58	-0.25	0.73	40.90	108.29	5.33
0.62	-2.00	1.24	0.30	-0.10	0.88	72.63	-37.05	35.16
0.60	-2.00	1.24	0.20	-0.04	0.94	66.12	-36.22	33.09
0.63	-2.00	1.25	0.14	-0.03	0.96	52.99	-36.90	34.44
0.61	-2.00	1.25	0.06	-0.03	0.99	30.71	-34.75	34.76
0.62	-2.00	1.26	0.13	-0.06	0.97	9.40	-34.37	36.76
0.70	-2.00	1.20	0.29	-0.05	0.92	-9.67	-34.56	35.30
0.72	-1.96	1.11	0.38	-0.06	0.91	-19.51	-34.45	36.73
0.70	-1.78	0.97	0.48	-0.03	0.90	-28.65	-43.86	36.94
0.54	-1.80	0.96	0.61	-0.01	0.92	-29.42	-57.04	38.38
0.52	-1.92	1.02	0.74	0.00	0.90	-25.74	-46.56	26.76
0.54	-2.00	1.08	0.83	0.13	1.00	-8.06	-52.89	24.09
0.49	-2.00	1.08	0.62	0.15	1.03	-7.71	-53.96	22.61
0.39	-2.00	1.13	0.50	0.09	1.00	-13.18	-46.23	19.11
0.48	-2.00	1.17	0.46	0.05	0.99	-12.25	-38.77	10.80
0.52	-2.00	1.22	0.42	0.04	0.95	-9.98	-29.53	9.92
0.62	-2.00	1.15	0.43	0.09	0.85	-13.44	-15.58	11.78
0.59	-2.00	1.08	0.39	0.20	0.81	-17.40	-2.37	12.38
0.57	-2.00	0.90	0.40	0.23	0.79	-24.69	23.62	14.58
0.62	-2.00	0.81	0.43	0.25	0.91	-19.46	35.03	22.42
0.64	-2.00	0.66	0.50	0.11	1.05	0.45	37.37	41.12
0.59	-2.00	0.63	0.59	0.06	1.13	18.81	37.61	52.64
0.56	-2.00	0.62	0.64	0.01	1.12	32.57	25.97	61.72
0.49	-2.00	0.62	0.64	0.05	1.07	41.46	25.52	61.45
0.50	-2.00	0.71	0.46	0.03	0.98	46.31	4.02	61.70
0.44	-2.00	0.77	0.43	0.05	0.91	50.80	0.17	59.28
0.36	-2.00	0.73	0.39	0.01	1.00	68.27	-10.90	46.75
0.25	-2.00	0.67	0.57	0.06	1.11	92.39	-28.24	44.10
0.15	-2.00	0.68	0.57	0.03	1.18	110.14	-39.68	46.24
-0.06	-2.00	0.72	0.49	-0.00	1.13	115.86	-67.95	59.68
0.14	-2.00	0.66	0.35	-0.03	1.07	86.38	-72.98	62.61
0.25	-2.00	0.61	0.45	0.02	0.94	69.62	-82.91	51.87
0.44	-2.00	0.58	0.45	0.09	0.84	47.55	-99.33	38.51
-0.46	-1.68	0.75	0.16	0.54	0.86	-92.74	-107.43	-40.25
-0.41	-1.61	0.77	0.11	0.54	0.91	-90.07	-107.59	-44.74
-0.36	-1.47	0.80	0.07	0.53	0.97	-81.59	-106.36	-50.26
-0.32	-1.52	0.83	0.11	0.47	1.07	-57.85	-97.80	-43.95
-0.04	-1.44	0.87	0.06	0.44	1.04	-40.49	-84.24	-33.25
-0.02	-1.60	0.89	-0.01	0.46	0.86	-46.81	-76.14	-23.01
0.20	-1.49	1.15	0.04	0.49	0.80	-51.26	-61.97	-14.67
0.31	-1.70	1.40	0.12	0.50	0.71	-66.91	-54.57	-7.80
0.41	-1.73	1.56	0.12	0.50	0.67	-93.74	-44.88	-6.57
0.68	-1.80	1.72	0.22	0.53	0.68	-112.31	-38.11	-0.09
0.49	-1.74	1.56	0.30	0.61	0.72	-117.97	-23.36	12.12
0.41	-1.67	1.36	0.29	0.64	0.76	-125.83	-12.44	13.23
0.32	-1.57	1.07	0.34	0.74	0.77	-93.81	2.27	24.55
0.13	-1.54	1.00	0.25	0.79	0.81	-95.64	7.36	16.64
0.09	-1.45	1.01	0.35	0.74	0.91	-99.63	4.45	5.82
0.22	-1.49	0.99	0.48	0.74	0.99	-75.65	8.69	-2.01
0.29	-1.58	1.07	0.37	0.68	1.02	-60.19	17.56	-3.90
0.38	-1.65	1.04	0.38	0.63	0.97	-49.40	21.06	0.56
0.50	-1.70	1.00	0.48	0.61	0.91	-28.72	24.97	6.28
0.51	-1.69	0.83	0.45	0.74	0.88	-17.27	31.46	16.11
0.54	-1.70	0.85	0.39	0.74	0.86	-21.20	44.08	20.07
0.49	-1.69	0.84	0.33	0.70	0.92	-4.76	43.88	24.12
0.49	-1.76	0.85	0.34	0.59	0.91	-1.01	52.01	26.75
0.32	-1.78	0.91	0.41	0.52	0.86	11.50	81.90	22.88
0.32	-1.73	0.91	0.37	0.50	0.80	23.67	81.61	27.86
0.28	-1.76	0.95	0.27	0.56	0.75	8.15	86.03	26.23
0.28	-1.82	0.94	0.25	0.59	0.69	-1.75	86.39	13.03
0.29	-1.78	0.89	0.41	0.62	0.65	-6.70	85.34	0.14
0.26	-1.77	0.86	0.42	0.58	0.64	-1.24	88.12	-1.66
0.28	-1.80	0.87	0.31	0.52	0.59	-15.79	98.94	-1.99
0.30	-1.81	0.89	0.30	0.48	0.56	-31.03	112.28	-6.04
0.29	-1.76	0.86	0.47	0.37	0.48	-35.43	139.71	-11.76
0.10	-2.00	1.09	0.70	-0.17	0.39	19.17	36.55	16.43
0.16	-2.00	1.11	0.72	-0.22	0.38	13.37	25.28	6.64
0.28	-2.00	1.09	0.81	-0.25	0.41	20.45	14.79	-3.89
0.31	-2.00	1.08	0.99	-0.28	0.46	45.02	8.47	-8.75
0.35	-2.00	1.07	0.93	-0.23	0.48	74.37	2.14	-13.24
0.34	-2.00	1.08	0.85	-0.20	0.50	97.28	-6.75	-20.50
0.32	-2.00	1.08	0.70	-0.14	0.51	111.89	-16.55	-30.48
0.31	-2.00	1.07	0.54	-0.17	0.56	119.02	-23.92	-38.43
0.30	-2.00	1.07	0.36	-0.27	0.66	118.72	-29.59	-40.62
0.36	-2.00	1.11	0.29	-0.30	0.72	111.67	-34.17	-36.52
0.37	-2.00	1.12	0.23	-0.36	0.80	102.59	-35.93	-28.43
0.43	-2.00	1.14	0.22	-0.36	0.87	95.44	-37.10	-16.13
0.51	-2.00	1.17	0.22	-0.31	0.92	83.03	-35.76	-6.49
0.55	-2.00	1.19	0.25	-0.27	0.95	78.60	-40.18	1.55
0.65	-2.00	1.26	0.43	-0.14	0.98	90.40	-42.36	3.64
0.74	-2.00	1.26	0.40	-0.01	1.00	100.05	-40.22	2.89
0.74	-2.00	1.24	0.32	-0.01	1.02	96.54	-29.89	2.79
0.70	-2.00	1.17	0.30	-0.04	1.06	99.79	-13.99	9.67
0.66	-2.00	1.11	0.26	-0.09	1.13	93.56	-6.65	17.85
0.61	-2.00	1.12	0.20	-0.08	1.18	83.41	0.39	23.51
0.68	-2.00	1.12	0.18	-0.08	1.18	67.96	-0.57	33.82
0.71	-2.00	1.15	0.23	-0.05	1.13	53.28	7.09	39.04
0.67	-2.00	1.14	0.27	0.02	1.06	36.75	15.63	45.68
0.56	-2.00	1.10	0.30	0.01	0.99	22.20	22.44	48.39
0.47	-2.00	1.09	0.45	-0.02	0.88	26.60	27.18	50.45
0.50	-2.00	1.04	0.41	0.00	0.84	37.30	28.50	38.58
0.46	-2.00	1.06	0.35	0.02	0.82	48.36	21.61	30.02
0.36	-2.00	1.07	0.16	0.10	0.88	61.99	20.06	18.45
0.47	-2.00	1.00	-0.02	0.04	0.96	61.70	17.72	15.51
0.58	-2.00	0.95	-0.26	0.02	1.06	63.46	27.28	12.30
0.62	-2.00	0.85	-0.46	0.02	1.15	42.89	15.69	33.47
0.65	-2.00	0.72	-0.27	0.01	1.22	47.89	37.11	41.86
-0.06	-2.00	0.61	0.43	0.13	0.85	-61.01	-119.60	60.39
-0.12	-2.00	0.59	0.43	0.21	0.85	-74.75	-134.97	47.95
-0.19	-2.00	0.56	0.27	0.34	0.88	-65.13	-126.28	49.22
-0.27	-1.98	0.56	0.13	0.37	0.89	-50.20	-116.31	31.26
-0.40	-1.97	0.61	0.09	0.30	1.00	-34.39	-99.76	23.84
-0.46	-1.98	0.65	0.10	0.26	1.02	-16.68	-79.03	18.68
-0.48	-2.00	0.75	0.13	0.18	1.05	25.80	-50.48	26.67
-0.42	-2.00	0.78	0.20	0.10	0.97	43.85	-44.75	27.81
-0.41	-2.00	0.77	0.25	0.10	0.80	51.27	-35.65	40.68
-0.33	-2.00	0.75	0.26	0.13	0.76	47.04	-40.24	52.19
-0.22	-2.00	0.70	0.19	0.18	0.65	21.83	-50.29	51.54
-0.11	-1.95	0.66	0.07	0.27	0.53	-2.69	-57.31	51.35
-0.05	-1.88	0.62	-0.03	0.36	0.48	-20.18	-56.60	47.82
0.03	-1.82	0.58	-0.07	0.41	0.47	-38.05	-53.22	37.09
-0.10	-1.84	0.64	-0.04	0.37	0.45	-43.02	-46.90	28.64
-0.24	-1.88	0.74	-0.15	0.36	0.50	-56.82	-44.41	15.81
-0.35	-1.92	0.96	-0.18	0.38	0.52	-78.56	-46.14	-2.20
-0.24	-1.94	1.07	-0.17	0.43	0.62	-100.56	-43.71	-24.39
-0.04	-1.91	1.11	-0.04	0.43	0.69	-104.43	-38.56	-45.64
0.30	-1.88	1.11	0.19	0.39	0.74	-88.33	-32.29	-57.85
0.62	-1.83	1.04	0.29	0.37	0.73	-74.59	-26.47	-65.97
0.68	-1.77	0.99	0.30	0.36	0.76	-65.07	-21.76	-74.41
0.59	-1.72	0.88	0.26	0.32	0.89	-59.79	-17.76	-76.71
0.44	-1.63	0.89	0.17	0.32	1.05	-54.31	-16.21	-78.20
0.56	-1.58	0.97	0.11	0.30	1.18	-70.50	-18.67	-79.88
0.78	-1.64	1.06	0.30	0.29	1.25	-81.29	-26.25	-66.16
0.76	-1.74	1.19	0.33	0.28	1.29	-91.80	-42.57	-51.21
0.59	-1.84	1.31	0.22	0.34	1.30	-134.79	-68.41	-43.43
0.47	-1.91	1.23	0.15	0.43	1.40	-161.99	-72.47	-40.48
0.34	-1.84	1.25	0.39	0.48	1.45	-118.31	-58.72	-24.34
0.27	-1.97	1.28	0.47	0.62	1.30	-45.98	-51.16	-5.43
0.27	-2.00	1.32	0.07	0.81	1.17	-39.54	-44.53	4.60
0.19	-1.93	0.87	0.38	0.50	0.47	12.47	158.40	41.47
0.18	-1.92	0.86	0.34	0.46	0.44	14.41	185.66	30.98
0.15	-1.90	0.83	0.36	0.43	0.42	5.26	175.96	32.74
0.13	-1.88	0.80	0.28	0.30	0.37	-3.14	182.74	23.48
0.14	-1.83	0.78	0.37	0.27	0.38	-7.14	185.40	9.29
0.17	-1.82	0.83	0.38	0.24	0.37	-5.59	189.14	1.34
0.20	-1.96	0.92	0.36	0.10	0.36	-14.29	191.17	-6.92
0.23	-2.00	0.94	0.41	-0.04	0.39	-21.70	186.52	-12.09
0.26	-2.00	0.94	0.52	-0.11	0.44	-23.83	179.40	-18.36
0.27	-2.00	0.95	0.59	-0.11	0.46	-14.63	165.36	-23.99
0.26	-2.00	0.96	0.67	-0.12	0.47	0.01	154.67	-28.08
0.25	-2.00	1.03	0.58	-0.17	0.51	9.72	147.69	-31.66
0.21	-2.00	1.09	0.49	-0.27	0.59	8.09	122.58	-33.30
0.21	-2.00	1.13	0.51	-0.33	0.64	6.80	101.86	-32.01
0.20	-2.00	1.14	0.53	-0.45	0.72	5.88	78.20	-24.90
0.15	-2.00	1.13	0.57	-0.48	0.71	9.70	52.24	-16.32
0.14	-2.00	1.13	0.58	-0.49	0.69	16.08	29.12	-7.39
0.16	-2.00	1.15	0.55	-0.49	0.67	13.86	7.15	1.50
0.22	-2.00	1.19	0.54	-0.43	0.64	8.90	-14.15	9.80
0.29	-2.00	1.22	0.64	-0.35	0.63	7.71	-28.08	15.66
0.31	-2.00	1.19	0.73	-0.32	0.62	27.01	-36.67	19.33
0.40	-2.00	1.13	0.86	-0.22	0.59	62.55	-41.24	20.94
0.45	-2.00	1.13	0.75	-0.17	0.62	88.15	-41.49	23.04
0.48	-2.00	1.13	0.53	-0.18	0.70	89.66	-41.59	26.47
0.42	-2.00	1.10	0.43	-0.23	0.79	74.75	-37.43	28.44
0.41	-2.00	1.17	0.47	-0.22	0.84	65.89	-32.97	35.11
0.45	-2.00	1.24	0.50	-0.21	0.86	75.58	-23.80	42.58
0.48	-2.00	1.30	0.53	-0.22	0.92	79.15	-19.98	49.74
0.45	-2.00	1.38	0.50	-0.19	0.98	76.16	-17.49	60.94
0.34	-2.00	1.35	0.39	-0.17	1.02	50.25	-15.45	67.57
0.22	-2.00	1.31	0.42	-0.12	1.03	23.28	-17.66	73.98
0.17	-2.00	1.33	0.45	-0.10	1.03	-10.04	-25.06	75.56
0.45	-2.00	0.88	-0.29	0.47	1.14	95.34	4.70	36.52
0.46	-2.00	0.84	-0.33	0.46	1.22	73.13	6.12	45.55
0.50	-2.00	0.75	-0.20	0.36	1.29	22.32	-0.01	56.23
0.36	-2.00	0.77	-0.05	0.29	1.24	0.54	-5.86	58.71
0.37	-2.00	0.73	0.20	0.20	1.07	-14.79	-2.19	52.59
0.29	-2.00	0.75	0.33	0.20	0.98	-5.88	-6.74	50.48
0.40	-2.00	0.74	0.41	0.15	0.90	19.53	-2.80	51.31
0.47	-2.00	0.67	0.46	0.18	0.91	34.65	-4.42	51.81
0.39	-2.00	0.65	0.30	0.24	0.96	13.97	-44.29	65.79
0.32	-2.00	0.66	0.25	0.24	1.00	-10.06	-29.73	43.57
0.13	-2.00	0.59	0.34	0.19	1.03	-10.12	-32.94	43.10
0.00	-2.00	0.50	0.31	0.20	1.03	-0.21	-39.50	41.83
0.02	-2.00	0.50	0.26	0.28	1.09	13.69	-44.08	41.88
-0.06	-2.00	0.47	0.30	0.27	1.15	34.99	-58.13	61.97
-0.17	-2.00	0.56	0.26	0.19	1.13	34.64	-30.24	55.78
-0.22	-2.00	0.61	0.32	0.16	1.08	30.74	-39.87	52.18
-0.27	-1.99	0.69	0.37	0.15	1.00	22.22	-31.30	48.67
-0.23	-1.96	0.74	0.39	0.14	0.84	6.34	-41.44	49.70
-0.16	-1.92	0.73	0.31	0.21	0.77	-9.86	-41.13	45.46
-0.05	-1.83	0.68	0.34	0.25	0.65	-20.68	-39.59	47.03
0.03	-1.78	0.66	0.32	0.29	0.60	-29.29	-41.36	41.22
0.07	-1.78	0.64	0.30	0.33	0.55	-41.71	-45.97	37.23
0.05	-1.73	0.61	0.30	0.38	0.52	-52.21	-56.09	30.32
-0.02	-1.63	0.59	0.19	0.40	0.56	-55.90	-60.01	20.48
-0.07	-1.59	0.62	0.15	0.42	0.59	-51.93	-60.65	12.99
-0.17	-1.53	0.74	0.09	0.46	0.60	-41.02	-53.93	6.06
-0.27	-1.52	0.87	0.05	0.51	0.65	-36.36	-50.21	-7.74
-0.16	-1.51	0.88	0.07	0.55	0.67	-21.88	-47.37	-21.00
-0.04	-1.57	0.98	0.11	0.54	0.71	-1.58	-43.62	-32.50
-0.16	-1.63	1.12	0.04	0.52	0.77	19.43	-42.07	-38.06
0.04	-1.61	1.22	-0.01	0.46	0.75	6.26	-48.17	-51.64
0.38	-1.67	1.30	0.06	0.36	0.73	-1.98	-51.84	-60.87
0.66	-1.55	1.10	0.38	0.56	1.22	-86.56	-30.23	-27.23
0.67	-1.62	0.97	0.39	0.59	1.22	-66.39	-22.21	-17.30
0.53	-1.56	1.09	0.41	0.64	1.16	-54.69	-7.86	-5.38
0.47	-1.73	1.13	0.36	0.68	1.10	-54.68	0.72	14.68
0.45	-1.87	1.14	0.26	0.65	1.04	-58.59	16.33	32.90
0.41	-1.86	1.08	0.24	0.64	1.02	-67.73	15.25	49.63
0.36	-1.89	1.03	0.18	0.72	0.88	-72.01	25.65	57.93
0.31	-1.85	0.95	0.15	0.74	0.83	-100.21	34.58	56.01
0.30	-1.83	0.90	0.12	0.71	0.77	-101.92	56.96	56.24
0.24	-1.79	0.87	0.23	0.70	0.72	-84.37	72.78	53.63
0.22	-1.74	0.84	0.39	0.71	0.65	-48.95	83.76	49.49
0.22	-1.72	0.84	0.41	0.66	0.56	-28.63	127.08	38.14
0.23	-1.70	0.80	0.43	0.65	0.54	-20.55	120.86	37.40
0.28	-1.68	0.81	0.44	0.57	0.53	-19.82	131.49	30.74
0.30	-1.70	0.84	0.30	0.48	0.52	-36.71	146.01	24.18
0.36	-1.80	0.90	0.30	0.38	0.51	-46.56	156.08	18.87
0.38	-1.91	0.90	0.38	0.27	0.48	-44.43	188.58	12.09
0.36	-1.92	0.88	0.53	0.27	0.41	-24.54	204.36	-2.40
0.33	-1.93	0.86	0.50	0.30	0.39	-4.33	193.95	-5.10
0.30	-1.92	0.90	0.42	0.27	0.40	5.10	178.48	-6.38
0.30	-1.92	0.94	0.39	0.26	0.40	-1.00	172.58	-18.00
0.30	-1.99	0.98	0.29	0.16	0.39	-20.18	167.66	-28.04
0.32	-2.00	1.01	0.37	0.00	0.41	-29.67	164.79	-33.95
0.26	-2.00	0.99	0.54	-0.18	0.45	-18.40	139.96	-33.91
0.25	-2.00	1.00	0.63	-0.25	0.44	2.76	130.02	-27.71
0.21	-2.00	1.02	0.59	-0.37	0.48	16.29	101.60	-17.13
0.18	-2.00	1.02	0.53	-0.38	0.55	15.82	78.37	-8.94
0.18	-2.00	1.04	0.54	-0.39	0.60	11.80	48.38	2.41
0.19	-2.00	1.05	0.70	-0.38	0.54	14.10	25.02	13.16
0.24	-2.00	1.05	0.80	-0.33	0.54	24.93	5.89	17.70
0.28	-2.00	1.03	0.83	-0.31	0.54	43.44	-11.54	23.40
0.35	-2.00	1.00	0.78	-0.26	0.56	52.28	-21.32	23.05
0.52	-2.00	1.26	0.55	-0.23	0.89	17.16	-43.22	43.17
0.47	-2.00	1.28	0.59	-0.25	0.90	22.00	-25.37	36.63
0.45	-2.00	1.32	0.66	-0.29	0.95	38.12	-30.32	35.24
0.42	-2.00	1.33	0.63	-0.25	0.94	48.98	-38.12	30.66
0.33	-2.00	1.39	0.56	-0.20	0.91	59.17	-41.79	22.31
0.25	-2.00	1.43	0.52	-0.11	0.93	55.25	-40.56	9.34
0.21	-2.00	1.44	0.49	-0.19	0.90	48.92	-60.62	6.29
0.16	-2.00	1.45	0.53	-0.05	0.89	46.27	-61.39	5.11
0.12	-2.00	1.46	0.44	-0.10	0.84	29.77	-55.98	0.70
0.14	-2.00	1.45	0.52	0.00	0.79	27.15	-54.80	-8.55
0.17	-2.00	1.43	0.66	0.16	0.80	41.24	-50.16	-12.46
0.21	-2.00	1.42	0.72	0.19	0.84	54.01	-39.96	-11.42
0.19	-2.00	1.29	0.66	0.21	0.88	60.01	-23.19	-15.69
0.33	-2.00	1.17	0.51	0.31	0.94	88.15	-23.99	-3.70
0.32	-2.00	1.04	0.25	0.34	1.13	102.49	-6.30	12.96
0.54	-2.00	0.84	0.14	0.30	1.31	103.57	-6.83	36.82
0.65	-2.00	0.81	0.19	0.27	1.33	112.17	3.22	52.17
0.66	-1.97	0.66	-0.11	0.21	1.26	59.99	-3.44	65.31
0.61	-1.94	0.71	0.08	0.16	1.18	26.96	-0.61	70.50
0.59	-2.00	0.70	0.29	0.16	1.05	22.66	-23.40	75.81
0.59	-2.00	0.72	0.33	0.19	1.04	18.97	-11.60	73.89
0.45	-2.00	0.69	0.35	0.29	1.05	55.54	-10.55	75.44
0.43	-2.00	0.68	0.24	0.33	1.12	59.49	-7.52	84.03
0.40	-2.00	0.66	0.16	0.29	1.19	63.36	10.31	75.58
0.49	-1.98	0.53	0.22	0.21	1.26	75.30	4.17	81.04
0.45	-1.83	0.39	0.51	0.12	1.26	94.87	-6.25	87.37
0.32	-1.81	0.31	0.54	0.05	1.22	84.39	-29.76	96.20
0.11	-1.83	0.37	0.53	-0.02	1.01	60.85	-42.41	99.11
-0.06	-1.86	0.47	0.54	0.06	0.85	18.08	-67.14	97.47
-0.11	-1.91	0.58	0.54	0.05	0.70	-7.72	-69.89	78.16
-0.24	-1.99	0.68	0.54	0.04	0.63	-23.19	-92.84	73.40
-0.37	-1.97	0.71	0.49	0.13	0.67	-34.49	-107.85	57.85
0.74	-1.67	1.22	0.20	0.38	0.79	-127.97	-25.26	-59.05
0.58	-1.57	1.23	0.25	0.41	0.83	-131.03	-25.22	-56.87
0.44	-1.56	1.14	0.22	0.47	0.96	-137.99	-26.15	-56.39
0.32	-1.51	1.02	0.17	0.60	1.08	-126.73	-29.56	-53.22
0.29	-1.39	1.00	0.13	0.65	1.11	-111.83	-25.93	-52.32
0.29	-1.34	0.99	0.13	0.75	1.15	-85.28	-17.45	-55.92
0.33	-1.43	1.06	0.16	0.79	1.13	-69.29	-11.30	-50.44
0.41	-1.63	1.17	0.22	0.77	1.12	-50.02	1.24	-46.35
0.42	-1.60	1.24	0.21	0.80	1.11	-46.17	9.04	-43.51
0.49	-1.71	1.26	0.17	0.75	1.09	-47.78	11.95	-36.29
0.36	-1.75	1.32	0.18	0.76	1.07	-50.42	32.56	-34.37
0.36	-1.72	1.23	0.11	0.72	1.04	-60.49	19.13	-13.73
0.26	-1.86	1.30	0.19	0.74	1.04	-65.51	31.83	0.43
0.25	-1.83	1.30	0.24	0.68	1.05	-78.21	43.24	12.14
0.28	-1.92	1.23	0.36	0.58	1.03	-65.88	53.36	19.29
0.28	-1.92	1.19	0.44	0.63	0.94	-64.22	53.51	26.09
0.27	-1.91	1.04	0.43	0.61	0.83	-49.53	63.48	35.92
0.23	-1.83	0.92	0.36	0.75	0.76	-63.07	62.35	34.05
0.20	-1.78	0.88	0.42	0.75	0.64	-58.79	75.49	25.70
0.15	-1.72	0.84	0.36	0.74	0.56	-63.30	89.10	18.49
0.10	-1.71	0.84	0.24	0.67	0.49	-85.68	94.85	14.81
0.09	-1.71	0.86	0.25	0.57	0.47	-80.64	110.70	12.57
0.11	-1.70	0.92	0.35	0.57	0.45	-68.07	118.14	7.20
0.14	-1.77	0.99	0.40	0.50	0.41	-54.06	132.21	2.54
0.18	-1.92	1.02	0.37	0.43	0.39	-47.56	152.64	0.63
0.20	-2.00	1.02	0.43	0.37	0.29	-43.25	160.65	-4.78
0.24	-2.00	0.98	0.54	0.30	0.19	-34.32	168.54	-14.82
0.27	-2.00	0.91	0.58	0.25	0.16	-13.41	174.80	-29.59
0.22	-2.00	0.90	0.47	0.10	0.22	-6.00	167.20	-37.39
0.13	-2.00	0.89	0.32	-0.03	0.34	-19.05	159.24	-42.04
0.11	-2.00	0.84	0.33	-0.16	0.47	-41.73	135.93	-38.90
0.13	-2.00	0.79	0.47	-0.24	0.51	-43.86	117.26	-27.44
0.42	-2.00	1.44	0.81	-0.58	0.77	27.54	-55.73	13.71
0.42	-2.00	1.47	0.79	-0.57	0.82	33.72	-58.17	21.42
0.38	-2.00	1.45	0.87	-0.45	0.82	39.52	-66.22	26.79
0.36	-2.00	1.35	0.88	-0.28	0.78	60.81	-75.01	34.20
0.33	-2.00	1.33	0.83	-0.23	0.76	68.72	-82.69	39.48
0.36	-2.00	1.27	0.64	-0.13	0.77	64.01	-84.53	44.75
0.31	-2.00	1.21	0.51	-0.03	0.85	41.13	-91.98	44.59
0.31	-2.00	1.22	0.56	-0.01	0.89	30.75	-95.05	39.32
0.29	-2.00	1.24	0.61	-0.03	0.88	34.96	-93.64	31.20
0.42	-2.00	1.28	0.76	-0.08	0.88	45.53	-104.43	21.26
0.48	-2.00	1.29	0.75	-0.12	0.90	61.70	-99.33	8.03
0.52	-2.00	1.22	0.78	-0.16	0.89	65.01	-100.18	14.67
0.45	-2.00	1.09	0.66	-0.14	0.88	70.33	-87.04	5.52
0.42	-2.00	1.06	0.64	-0.09	0.86	81.79	-76.52	7.10
0.34	-2.00	1.04	0.66	0.11	0.86	80.06	-56.81	1.14
0.22	-2.00	1.06	0.64	0.14	0.88	95.30	-51.15	3.11
0.17	-2.00	1.09	0.56	0.16	0.91	83.79	-47.82	-0.14
0.17	-2.00	1.13	0.57	0.15	0.93	73.75	-39.54	-2.66
0.11	-2.00	1.16	0.50	0.13	0.92	70.36	-41.24	1.76
0.21	-2.00	1.11	0.39	0.16	0.93	69.32	-26.83	8.42
0.19	-2.00	1.11	0.25	0.16	0.99	62.46	-19.04	13.34
0.40	-2.00	1.02	0.15	0.23	1.04	43.37	-14.84	23.17
0.34	-2.00	0.90	0.17	0.29	1.09	25.27	-8.07	26.58
0.38	-2.00	0.88	0.25	0.29	1.04	24.90	-5.37	31.02
0.45	-2.00	0.69	0.27	0.29	1.06	21.04	-1.53	37.07
0.47	-2.00	0.59	0.42	0.25	1.00	55.86	3.08	43.17
0.47	-2.00	0.68	0.34	0.33	0.98	73.72	11.41	40.77
0.33	-2.00	0.74	0.21	0.38	1.04	84.63	14.21	39.69
0.32	-2.00	0.75	0.15	0.28	1.11	79.57	16.13	39.48
0.40	-2.00	0.72	0.17	0.19	1.09	93.20	31.79	35.76
0.52	-2.00	0.65	0.18	0.17	1.10	85.79	20.43	45.03
0.52	-2.00	0.57	0.22	0.16	1.12	91.94	24.00	52.09
-0.25	-1.50	0.63	0.26	0.30	0.82	-8.32	-89.04	16.85
-0.24	-1.44	0.57	0.20	0.31	0.76	-0.24	-85.35	13.28
-0.11	-1.36	0.52	0.06	0.39	0.64	2.16	-81.91	5.39
-0.01	-1.40	0.52	-0.02	0.48	0.56	-0.86	-75.74	-3.40
0.06	-1.33	0.63	-0.03	0.50	0.50	2.64	-63.52	-9.96
0.09	-1.50	0.97	-0.06	0.39	0.48	-8.70	-51.08	-20.07
0.29	-1.67	1.27	0.02	0.22	0.47	-43.34	-53.79	-39.13
0.40	-1.89	2.00	0.09	0.23	0.52	-91.17	-62.06	-57.15
0.63	-1.63	1.36	0.13	0.34	0.53	-121.12	-73.08	-62.00
0.67	-1.52	0.93	0.16	0.48	0.68	-119.42	-54.13	-70.06
0.40	-1.33	0.61	0.36	0.48	0.84	-88.59	-28.33	-73.50
0.15	-1.41	0.58	0.28	0.48	0.91	-87.46	-10.33	-73.04
0.11	-1.42	0.65	0.26	0.45	0.91	-111.44	0.64	-84.37
0.30	-1.57	0.82	0.31	0.51	0.95	-145.02	3.04	-95.74
0.51	-1.65	0.98	0.49	0.64	1.10	-138.41	11.02	-98.75
0.59	-1.58	1.00	0.49	0.66	1.20	-126.77	21.11	-101.77
0.64	-1.85	1.08	0.57	0.63	1.32	-112.34	30.76	-93.84
0.67	-1.68	1.12	0.66	0.57	1.43	-76.26	40.78	-77.78
0.70	-1.83	1.05	0.65	0.54	1.43	-36.53	45.70	-60.52
0.66	-1.70	1.13	0.59	0.60	1.32	0.21	46.70	-50.11
0.53	-1.69	1.19	0.41	0.66	1.17	-13.29	38.86	-44.59
0.54	-1.68	1.17	0.14	0.53	1.09	-64.32	31.94	-33.33
0.46	-1.76	1.20	0.20	0.49	1.06	-93.34	28.71	-12.36
0.44	-1.82	1.11	0.22	0.45	1.01	-98.79	27.73	7.06
0.44	-1.83	1.03	0.32	0.48	0.97	-80.01	37.92	12.43
0.39	-1.81	0.92	0.31	0.53	0.89	-69.06	41.38	16.53
0.33	-1.79	0.85	0.25	0.49	0.78	-65.99	42.11	21.73
0.32	-1.79	0.84	0.29	0.51	0.73	-66.79	47.01	22.72
0.31	-1.78	0.85	0.40	0.52	0.64	-55.75	45.03	22.58
0.32	-1.76	0.90	0.28	0.50	0.57	-41.46	71.72	13.76
0.37	-1.77	0.94	0.27	0.40	0.57	-36.84	91.68	6.51
0.38	-1.88	1.00	0.34	0.30	0.55	-16.68	98.33	12.60
0.21	-2.00	1.11	0.70	-0.46	0.61	-26.90	76.86	-10.51
0.21	-2.00	1.11	0.75	-0.46	0.61	-20.90	65.94	-6.00
0.24	-2.00	1.18	0.87	-0.42	0.56	-4.01	46.59	0.25
0.25	-2.00	1.21	0.89	-0.34	0.56	18.51	22.66	7.61
0.27	-2.00	1.22	0.88	-0.38	0.56	27.66	10.98	10.70
0.30	-2.00	1.22	0.76	-0.44	0.63	26.84	-7.47	13.79
0.34	-2.00	1.22	0.82	-0.49	0.69	32.69	-25.31	15.43
0.39	-2.00	1.25	0.85	-0.51	0.71	49.77	-38.19	19.65
0.41	-2.00	1.27	0.84	-0.53	0.70	68.02	-50.30	25.22
0.50	-2.00	1.28	0.72	-0.57	0.74	75.93	-63.76	33.48
0.47	-2.00	1.26	0.57	-0.55	0.78	69.95	-74.38	43.27
0.42	-2.00	1.22	0.50	-0.52	0.80	63.11	-82.43	55.50
0.32	-2.00	1.17	0.40	-0.41	0.78	56.13	-86.91	66.68
0.31	-2.00	1.17	0.43	-0.21	0.74	49.89	-92.32	73.35
0.32	-2.00	1.18	0.52	-0.01	0.71	49.57	-83.59	72.62
0.35	-2.00	1.18	0.50	0.03	0.70	45.46	-81.37	69.42
0.35	-2.00	1.17	0.52	0.08	0.72	33.48	-79.71	62.22
0.37	-2.00	1.17	0.48	0.08	0.81	30.70	-81.99	52.83
0.36	-2.00	1.19	0.61	0.07	0.90	40.80	-80.20	42.73
0.50	-2.00	1.26	0.65	0.05	0.96	48.91	-83.54	33.90
0.54	-2.00	1.28	0.66	-0.01	1.01	55.57	-73.87	31.77
0.43	-2.00	1.24	0.58	-0.03	1.02	54.91	-55.61	33.98
0.30	-2.00	1.18	0.54	0.04	0.92	62.66	-66.00	35.45
0.19	-2.00	1.11	0.68	0.09	0.92	89.48	-43.60	23.82
0.14	-2.00	1.11	0.65	0.15	0.91	112.53	-31.43	19.94
0.10	-2.00	1.14	0.54	0.22	0.95	119.91	-26.26	24.54
0.07	-2.00	1.16	0.38	0.23	0.98	110.55	-23.80	25.18
0.12	-2.00	1.16	0.26	0.23	0.98	89.04	-12.03	30.03
0.20	-2.00	1.13	0.16	0.22	0.96	70.86	1.50	33.35
0.29	-2.00	1.14	0.13	0.32	0.96	44.95	12.35	34.20
0.36	-2.00	1.08	0.13	0.42	0.97	28.67	11.38	33.99
0.52	-2.00	0.89	0.09	0.39	0.99	13.06	19.55	39.65
0.15	-2.00	0.56	0.37	0.10	0.82	39.88	-17.60	55.50
0.11	-2.00	0.59	0.36	0.09	0.79	12.89	-23.36	52.66
0.04	-2.00	0.65	0.36	0.17	0.79	-1.34	-15.24	53.09
-0.01	-2.00	0.68	0.38	0.23	0.74	-10.44	-13.07	52.91
-0.13	-2.00	0.70	0.34	0.27	0.76	-33.37	-15.89	40.59
-0.24	-1.99	0.69	0.36	0.29	0.75	-49.58	-45.90	39.30
-0.30	-1.94	0.66	0.36	0.27	0.81	-42.92	-36.90	29.03
-0.32	-1.83	0.60	0.37	0.30	0.80	-38.52	-41.71	22.90
-0.38	-1.72	0.66	0.31	0.31	0.81	-34.10	-47.07	11.50
-0.51	-1.69	0.72	0.26	0.39	0.84	-28.98	-51.15	-5.63
-0.58	-1.67	0.72	0.26	0.36	0.88	-18.43	-54.41	-15.56
-0.56	-1.65	0.71	0.24	0.31	0.88	-3.45	-57.58	-18.66
-0.42	-1.64	0.65	0.18	0.29	0.83	11.18	-59.65	-17.96
-0.30	-1.61	0.63	0.13	0.35	0.70	16.17	-61.20	-18.62
-0.02	-1.59	0.66	0.04	0.38	0.61	5.75	-63.77	-23.54
0.17	-1.55	0.81	0.00	0.42	0.57	-7.80	-62.36	-34.67
0.21	-1.59	0.92	-0.01	0.37	0.60	-17.78	-52.74	-43.83
0.38	-1.62	1.15	-0.03	0.28	0.70	-33.51	-41.63	-54.58
0.47	-1.71	1.24	0.07	0.19	0.82	-42.85	-30.66	-61.46
0.51	-1.68	1.26	0.12	0.16	0.89	-61.48	-25.71	-63.77
0.50	-1.60	1.24	0.20	0.24	1.02	-93.42	-24.37	-67.43
0.46	-1.62	1.16	0.29	0.32	1.15	-133.17	-28.40	-75.21
0.44	-1.57	1.16	0.45	0.42	1.18	-170.44	-35.75	-75.31
0.42	-1.60	1.08	0.51	0.41	1.25	-185.10	-37.09	-67.96
0.35	-1.66	1.06	0.41	0.61	1.17	-191.85	-42.06	-65.69
0.36	-1.56	1.08	0.25	0.76	1.20	-208.36	-39.40	-72.98
0.32	-1.61	1.10	0.25	0.72	1.39	-205.47	-32.33	-68.00
0.32	-1.68	1.22	0.45	0.55	1.42	-164.45	-20.20	-43.50
0.36	-1.81	1.26	0.55	0.52	1.28	-113.78	-10.80	-23.05
0.37	-1.82	1.24	0.43	0.61	1.07	-101.21	-11.28	-1.57
0.36	-1.77	1.19	0.21	0.62	1.02	-115.42	11.12	8.71
0.27	-1.72	1.09	0.40	0.57	0.94	-102.43	13.79	20.61
